1, 1 -370.051056
1, 2 -45.124611
1, 3 27.720959
1, 4 30.056921
1, 5 30.058998
1, 6 30.059000
2, 1 -369.993011
2, 2 -45.062881
2, 3 27.781155
2, 4 30.116734
2, 5 30.118813
2, 6 30.118813
3, 1 -369.934082
3, 2 -45.000267
3, 3 27.842190
3, 4 30.177374
3, 5 30.179451
3, 6 30.179449
4, 1 -369.874420
4, 2 -44.936829
4, 3 27.904064
4, 4 30.238853
4, 5 30.240927
4, 6 30.240929
5, 1 -369.813873
5, 2 -44.872478
5, 3 27.966801
5, 4 30.301188
5, 5 30.303265
5, 6 30.303263
6, 1 -369.752533
6, 2 -44.807243
6, 3 28.030415
6, 4 30.364395
6, 5 30.366468
6, 6 30.366467
7, 1 -369.690277
7, 2 -44.741070
7, 3 28.094921
7, 4 30.428484
7, 5 30.430557
7, 6 30.430555
8, 1 -369.627167
8, 2 -44.673985
8, 3 28.160332
8, 4 30.493475
8, 5 30.495546
8, 6 30.495548
9, 1 -369.563141
9, 2 -44.605930
9, 3 28.226669
9, 4 30.559385
9, 5 30.561459
9, 6 30.561459
10, 1 -369.498291
10, 2 -44.536953
10, 3 28.293943
10, 4 30.626230
10, 5 30.628300
10, 6 30.628302
11, 1 -369.432465
11, 2 -44.466965
11, 3 28.362181
11, 4 30.694025
11, 5 30.696095
11, 6 30.696095
12, 1 -369.365723
12, 2 -44.395992
12, 3 28.431383
12, 4 30.762787
12, 5 30.764854
12, 6 30.764854
13, 1 -369.298004
13, 2 -44.323986
13, 3 28.501579
13, 4 30.832533
13, 5 30.834599
13, 6 30.834599
14, 1 -369.229279
14, 2 -44.250946
14, 3 28.572784
14, 4 30.903278
14, 5 30.905344
14, 6 30.905346
15, 1 -369.159637
15, 2 -44.176865
15, 3 28.645018
15, 4 30.975050
15, 5 30.977114
15, 6 30.977114
16, 1 -369.088959
16, 2 -44.101704
16, 3 28.718298
16, 4 31.047857
16, 5 31.049921
16, 6 31.049921
17, 1 -369.017242
17, 2 -44.025444
17, 3 28.792643
17, 4 31.121725
17, 5 31.123787
17, 6 31.123787
18, 1 -368.944489
18, 2 -43.948074
18, 3 28.868074
18, 4 31.196671
18, 5 31.198730
18, 6 31.198729
19, 1 -368.870667
19, 2 -43.869568
19, 3 28.944607
19, 4 31.272711
19, 5 31.274771
19, 6 31.274771
20, 1 -368.795746
20, 2 -43.789902
20, 3 29.022268
20, 4 31.349874
20, 5 31.351931
20, 6 31.351931
21, 1 -368.719727
21, 2 -43.709061
21, 3 29.101078
21, 4 31.428177
21, 5 31.430233
21, 6 31.430229
22, 1 -368.642609
22, 2 -43.627041
22, 3 29.181051
22, 4 31.507635
22, 5 31.509691
22, 6 31.509691
23, 1 -368.564331
23, 2 -43.543781
23, 3 29.262220
23, 4 31.588284
23, 5 31.590338
23, 6 31.590336
24, 1 -368.484894
24, 2 -43.459274
24, 3 29.344603
24, 4 31.670135
24, 5 31.672188
24, 6 31.672188
25, 1 -368.404175
25, 2 -43.373474
25, 3 29.428225
25, 4 31.753218
25, 5 31.755268
25, 6 31.755268
26, 1 -368.322357
26, 2 -43.286411
26, 3 29.513107
26, 4 31.837555
26, 5 31.839603
26, 6 31.839603
27, 1 -368.239258
27, 2 -43.198021
27, 3 29.599276
27, 4 31.923166
27, 5 31.925217
27, 6 31.925217
28, 1 -368.154907
28, 2 -43.108288
28, 3 29.686756
28, 4 32.010086
28, 5 32.012131
28, 6 32.012131
29, 1 -368.069244
29, 2 -43.017166
29, 3 29.775574
29, 4 32.098331
29, 5 32.100372
29, 6 32.100372
30, 1 -367.982300
30, 2 -42.924664
30, 3 29.865749
30, 4 32.187927
30, 5 32.189972
30, 6 32.189972
31, 1 -367.893982
31, 2 -42.830727
31, 3 29.957325
31, 4 32.278908
31, 5 32.280952
31, 6 32.280952
32, 1 -367.804291
32, 2 -42.735317
32, 3 30.050316
32, 4 32.371300
32, 5 32.373341
32, 6 32.373341
33, 1 -367.713226
33, 2 -42.638435
33, 3 30.144753
33, 4 32.465130
33, 5 32.467167
33, 6 32.467167
34, 1 -367.620789
34, 2 -42.540058
34, 3 30.240665
34, 4 32.560421
34, 5 32.562462
34, 6 32.562458
35, 1 -367.526855
35, 2 -42.440117
35, 3 30.338081
35, 4 32.657211
35, 5 32.659248
35, 6 32.659245
36, 1 -367.431366
36, 2 -42.338570
36, 3 30.437038
36, 4 32.755527
36, 5 32.757561
36, 6 32.757561
37, 1 -367.334503
37, 2 -42.235455
37, 3 30.537561
37, 4 32.855404
37, 5 32.857437
37, 6 32.857441
38, 1 -367.236084
38, 2 -42.130699
38, 3 30.639694
38, 4 32.956879
38, 5 32.958908
38, 6 32.958908
39, 1 -367.135956
39, 2 -42.024197
39, 3 30.743458
39, 4 33.059975
39, 5 33.062000
39, 6 33.062000
40, 1 -367.034271
40, 2 -41.916019
40, 3 30.848894
40, 4 33.164726
40, 5 33.166756
40, 6 33.166756
41, 1 -366.931061
41, 2 -41.806122
41, 3 30.956034
41, 4 33.271175
41, 5 33.273205
41, 6 33.273205
42, 1 -366.826080
42, 2 -41.694397
42, 3 31.064920
42, 4 33.379360
42, 5 33.381382
42, 6 33.381382
43, 1 -366.719360
43, 2 -41.580849
43, 3 31.175581
43, 4 33.489307
43, 5 33.491325
43, 6 33.491325
44, 1 -366.610931
44, 2 -41.465443
44, 3 31.288059
44, 4 33.601055
44, 5 33.603077
44, 6 33.603077
45, 1 -366.500702
45, 2 -41.348125
45, 3 31.402395
45, 4 33.714657
45, 5 33.716675
45, 6 33.716675
46, 1 -366.388672
46, 2 -41.228859
46, 3 31.518637
46, 4 33.830135
46, 5 33.832153
46, 6 33.832153
47, 1 -366.274719
47, 2 -41.107590
47, 3 31.636805
47, 4 33.947544
47, 5 33.949562
47, 6 33.949562
48, 1 -366.158905
48, 2 -40.984306
48, 3 31.756964
48, 4 34.066925
48, 5 34.068939
48, 6 34.068939
49, 1 -366.041077
49, 2 -40.858906
49, 3 31.879148
49, 4 34.188320
49, 5 34.190331
49, 6 34.190331
50, 1 -365.921417
50, 2 -40.731441
50, 3 32.003403
50, 4 34.311771
50, 5 34.313782
50, 6 34.313778
51, 1 -365.799561
51, 2 -40.601742
51, 3 32.129780
51, 4 34.437328
51, 5 34.439331
51, 6 34.439335
52, 1 -365.675629
52, 2 -40.469830
52, 3 32.258324
52, 4 34.565041
52, 5 34.567047
52, 6 34.567043
53, 1 -365.549683
53, 2 -40.335674
53, 3 32.389084
53, 4 34.694954
53, 5 34.696957
53, 6 34.696957
54, 1 -365.421417
54, 2 -40.199135
54, 3 32.522118
54, 4 34.827126
54, 5 34.829124
54, 6 34.829124
55, 1 -365.290924
55, 2 -40.060207
55, 3 32.657475
55, 4 34.961601
55, 5 34.963596
55, 6 34.963596
56, 1 -365.158173
56, 2 -39.918861
56, 3 32.795200
56, 4 35.098438
56, 5 35.100430
56, 6 35.100430
57, 1 -365.023132
57, 2 -39.775028
57, 3 32.935364
57, 4 35.237686
57, 5 35.239681
57, 6 35.239681
58, 1 -364.885712
58, 2 -39.628647
58, 3 33.078014
58, 4 35.379414
58, 5 35.381405
58, 6 35.381409
59, 1 -364.745789
59, 2 -39.479626
59, 3 33.223221
59, 4 35.523678
59, 5 35.525665
59, 6 35.525665
60, 1 -364.603363
60, 2 -39.327919
60, 3 33.371033
60, 4 35.670532
60, 5 35.672516
60, 6 35.672520
61, 1 -364.458282
61, 2 -39.173443
61, 3 33.521530
61, 4 35.820045
61, 5 35.822033
61, 6 35.822029
62, 1 -364.310669
62, 2 -39.016182
62, 3 33.674759
62, 4 35.972282
62, 5 35.974262
62, 6 35.974266
63, 1 -364.160309
63, 2 -38.856022
63, 3 33.830807
63, 4 36.127316
63, 5 36.129292
63, 6 36.129292
64, 1 -364.007141
64, 2 -38.692879
64, 3 33.989727
64, 4 36.285198
64, 5 36.287178
64, 6 36.287178
65, 1 -363.851196
65, 2 -38.526737
65, 3 34.151600
65, 4 36.446022
65, 5 36.447998
65, 6 36.447998
66, 1 -363.692291
66, 2 -38.357456
66, 3 34.316505
66, 4 36.609852
66, 5 36.611824
66, 6 36.611824
67, 1 -363.530487
67, 2 -38.185028
67, 3 34.484509
67, 4 36.776764
67, 5 36.778732
67, 6 36.778736
68, 1 -363.365601
68, 2 -38.009304
68, 3 34.655701
68, 4 36.946846
68, 5 36.948811
68, 6 36.948811
69, 1 -363.197479
69, 2 -37.830193
69, 3 34.830162
69, 4 37.120167
69, 5 37.122128
69, 6 37.122128
70, 1 -363.026245
70, 2 -37.647675
70, 3 35.007969
70, 4 37.296818
70, 5 37.298771
70, 6 37.298771
71, 1 -362.851562
71, 2 -37.461578
71, 3 35.189220
71, 4 37.476879
71, 5 37.478836
71, 6 37.478836
72, 1 -362.673615
72, 2 -37.271896
72, 3 35.374001
72, 4 37.660458
72, 5 37.662411
72, 6 37.662411
73, 1 -362.492218
73, 2 -37.078503
73, 3 35.562408
73, 4 37.847637
73, 5 37.849590
73, 6 37.849590
74, 1 -362.307068
74, 2 -36.881203
74, 3 35.754547
74, 4 38.038521
74, 5 38.040466
74, 6 38.040470
75, 1 -362.118317
75, 2 -36.680012
75, 3 35.950512
75, 4 38.233204
75, 5 38.235149
75, 6 38.235149
76, 1 -361.925903
76, 2 -36.474812
76, 3 36.150406
76, 4 38.431793
76, 5 38.433735
76, 6 38.433735
77, 1 -361.729462
77, 2 -36.265408
77, 3 36.354343
77, 4 38.634399
77, 5 38.636333
77, 6 38.636333
78, 1 -361.529022
78, 2 -36.051723
78, 3 36.562435
78, 4 38.841125
78, 5 38.843060
78, 6 38.843060
79, 1 -361.324585
79, 2 -35.833694
79, 3 36.774796
79, 4 39.052101
79, 5 39.054031
79, 6 39.054031
80, 1 -361.115814
80, 2 -35.611099
80, 3 36.991562
80, 4 39.267441
80, 5 39.269367
80, 6 39.269371
81, 1 -360.902802
81, 2 -35.383896
81, 3 37.212841
81, 4 39.487278
81, 5 39.489201
81, 6 39.489201
82, 1 -360.685242
82, 2 -35.151871
82, 3 37.438778
82, 4 39.711731
82, 5 39.713650
82, 6 39.713650
83, 1 -360.463196
83, 2 -34.914970
83, 3 37.669498
83, 4 39.940941
83, 5 39.942856
83, 6 39.942860
84, 1 -360.236237
84, 2 -34.672924
84, 3 37.905159
84, 4 40.175053
84, 5 40.176968
84, 6 40.176964
85, 1 -360.004486
85, 2 -34.425694
85, 3 38.145889
85, 4 40.414207
85, 5 40.416115
85, 6 40.416115
86, 1 -359.767670
86, 2 -34.173061
86, 3 38.391861
86, 4 40.658558
86, 5 40.660461
86, 6 40.660461
87, 1 -359.525787
87, 2 -33.914928
87, 3 38.643215
87, 4 40.908264
87, 5 40.910164
87, 6 40.910168
88, 1 -359.278442
88, 2 -33.651031
88, 3 38.900135
88, 4 41.163494
88, 5 41.165390
88, 6 41.165394
89, 1 -359.025604
89, 2 -33.381233
89, 3 39.162788
89, 4 41.424416
89, 5 41.426308
89, 6 41.426308
90, 1 -358.767181
90, 2 -33.105396
90, 3 39.431347
90, 4 41.691204
90, 5 41.693096
90, 6 41.693096
91, 1 -358.502838
91, 2 -32.823257
91, 3 39.706005
91, 4 41.964054
91, 5 41.965942
91, 6 41.965942
92, 1 -358.232483
92, 2 -32.534653
92, 3 39.986958
92, 4 42.243156
92, 5 42.245037
92, 6 42.245041
93, 1 -357.955872
93, 2 -32.239346
93, 3 40.274410
93, 4 42.528717
93, 5 42.530590
93, 6 42.530590
94, 1 -357.672791
94, 2 -31.937130
94, 3 40.568569
94, 4 42.820934
94, 5 42.822803
94, 6 42.822807
95, 1 -357.383118
95, 2 -31.627804
95, 3 40.869667
95, 4 43.120045
95, 5 43.121906
95, 6 43.121910
96, 1 -357.086548
96, 2 -31.311090
96, 3 41.177925
96, 4 43.426266
96, 5 43.428127
96, 6 43.428127
97, 1 -356.782898
97, 2 -30.986765
97, 3 41.493587
97, 4 43.739849
97, 5 43.741703
97, 6 43.741703
98, 1 -356.471771
98, 2 -30.654501
98, 3 41.816921
98, 4 44.061031
98, 5 44.062885
98, 6 44.062885
99, 1 -356.153137
99, 2 -30.314117
99, 3 42.148170
99, 4 44.390091
99, 5 44.391933
99, 6 44.391937
100, 1 -355.826569
100, 2 -29.965271
100, 3 42.487621
100, 4 44.727295
100, 5 44.729134
100, 6 44.729134
101, 1 -355.491974
101, 2 -29.607719
101, 3 42.835564
101, 4 45.072929
101, 5 45.074764
101, 6 45.074764
102, 1 -355.148926
102, 2 -29.241100
102, 3 43.192303
102, 4 45.427299
102, 5 45.429131
102, 6 45.429131
103, 1 -354.797058
103, 2 -28.865067
103, 3 43.558159
103, 4 45.790722
103, 5 45.792545
103, 6 45.792549
104, 1 -354.436127
104, 2 -28.479309
104, 3 43.933460
104, 4 46.163528
104, 5 46.165348
104, 6 46.165348
105, 1 -354.065857
105, 2 -28.083471
105, 3 44.318550
105, 4 46.546062
105, 5 46.547874
105, 6 46.547878
106, 1 -353.685822
106, 2 -27.677164
106, 3 44.713814
106, 4 46.938690
106, 5 46.940498
106, 6 46.940498
107, 1 -353.295685
107, 2 -27.259985
107, 3 45.119617
107, 4 47.341793
107, 5 47.343597
107, 6 47.343597
108, 1 -352.894989
108, 2 -26.831490
108, 3 45.536385
108, 4 47.755779
108, 5 47.757572
108, 6 47.757576
109, 1 -352.483398
109, 2 -26.391275
109, 3 45.964531
109, 4 48.181068
109, 5 48.182854
109, 6 48.182854
110, 1 -352.060547
110, 2 -25.938908
110, 3 46.404499
110, 4 48.618099
110, 5 48.619877
110, 6 48.619877
111, 1 -351.625885
111, 2 -25.473852
111, 3 46.856770
111, 4 49.067341
111, 5 49.069115
111, 6 49.069115
112, 1 -351.178925
112, 2 -24.995592
112, 3 47.321838
112, 4 49.529297
112, 5 49.531063
112, 6 49.531063
113, 1 -350.719208
113, 2 -24.503588
113, 3 47.800228
113, 4 50.004478
113, 5 50.006241
113, 6 50.006237
114, 1 -350.246216
114, 2 -23.997286
114, 3 48.292488
114, 4 50.493439
114, 5 50.495186
114, 6 50.495190
115, 1 -349.759399
115, 2 -23.476093
115, 3 48.799206
115, 4 50.996754
115, 5 50.998497
115, 6 50.998493
116, 1 -349.258118
116, 2 -22.939335
116, 3 49.320995
116, 4 51.515030
116, 5 51.516766
116, 6 51.516766
117, 1 -348.741760
117, 2 -22.386353
117, 3 49.858505
117, 4 52.048923
117, 5 52.050655
117, 6 52.050652
118, 1 -348.209747
118, 2 -21.816465
118, 3 50.412434
118, 4 52.599117
118, 5 52.600834
118, 6 52.600838
119, 1 -347.661285
119, 2 -21.228861
119, 3 50.983501
119, 4 53.166336
119, 5 53.168045
119, 6 53.168045
120, 1 -347.095612
120, 2 -20.622755
120, 3 51.572487
120, 4 53.751339
120, 5 53.753040
120, 6 53.753036
121, 1 -346.512115
121, 2 -19.997347
121, 3 52.180202
121, 4 54.354942
121, 5 54.356636
121, 6 54.356632
122, 1 -345.909821
122, 2 -19.351683
122, 3 52.807522
122, 4 54.978012
122, 5 54.979691
122, 6 54.979694
123, 1 -345.287872
123, 2 -18.684826
123, 3 53.455368
123, 4 55.621468
123, 5 55.623142
123, 6 55.623138
124, 1 -344.645294
124, 2 -17.995735
124, 3 54.124722
124, 4 56.286278
124, 5 56.287941
124, 6 56.287941
125, 1 -343.981201
125, 2 -17.283363
125, 3 54.816643
125, 4 56.973488
125, 5 56.975136
125, 6 56.975136
126, 1 -343.294434
126, 2 -16.546532
126, 3 55.532219
126, 4 57.684193
126, 5 57.685833
126, 6 57.685833
127, 1 -342.583893
127, 2 -15.784012
127, 3 56.272663
127, 4 58.419575
127, 5 58.421211
127, 6 58.421207
128, 1 -341.848480
128, 2 -14.994524
128, 3 57.039219
128, 4 59.180901
128, 5 59.182518
128, 6 59.182518
129, 1 -341.086700
129, 2 -14.176600
129, 3 57.833260
129, 4 59.969501
129, 5 59.971107
129, 6 59.971111
130, 1 -340.297241
130, 2 -13.328746
130, 3 58.656227
130, 4 60.786827
130, 5 60.788422
130, 6 60.788425
131, 1 -339.478699
131, 2 -12.449392
131, 3 59.509670
131, 4 61.634411
131, 5 61.635994
131, 6 61.635990
132, 1 -338.629486
132, 2 -11.536806
132, 3 60.395241
132, 4 62.513897
132, 5 62.515461
132, 6 62.515461
133, 1 -337.747833
133, 2 -10.589109
133, 3 61.314735
133, 4 63.427052
133, 5 63.428608
133, 6 63.428608
134, 1 -336.831940
134, 2 -9.604302
134, 3 62.270081
134, 4 64.375786
134, 5 64.377335
134, 6 64.377335
135, 1 -335.879822
135, 2 -8.580252
135, 3 63.263309
135, 4 65.362152
135, 5 65.363686
135, 6 65.363678
136, 1 -334.889465
136, 2 -7.514676
136, 3 64.296669
136, 4 66.388344
136, 5 66.389847
136, 6 66.389854
137, 1 -333.858398
137, 2 -6.405000
137, 3 65.372536
137, 4 67.456734
137, 5 67.458237
137, 6 67.458229
138, 1 -332.784332
138, 2 -5.248608
138, 3 66.493500
138, 4 68.569901
138, 5 68.571373
138, 6 68.571381
139, 1 -331.664551
139, 2 -4.042552
139, 3 67.662384
139, 4 69.730614
139, 5 69.732086
139, 6 69.732079
140, 1 -330.496185
140, 2 -2.783674
140, 3 68.882187
140, 4 70.941895
140, 5 70.943336
140, 6 70.943336
141, 1 -329.276062
141, 2 -1.468529
141, 3 70.156227
141, 4 72.206985
141, 5 72.208420
141, 6 72.208412
142, 1 -328.000793
142, 2 -0.093386
142, 3 71.488052
142, 4 73.529449
142, 5 73.530861
142, 6 73.530861
143, 1 -326.666626
143, 2 1.345845
143, 3 72.881577
143, 4 74.913155
143, 5 74.914536
143, 6 74.914536
144, 1 -325.269653
144, 2 2.853552
144, 3 74.341034
144, 4 76.362282
144, 5 76.363655
144, 6 76.363655
145, 1 -323.805420
145, 2 4.434601
145, 3 75.871056
145, 4 77.881462
145, 5 77.882812
145, 6 77.882812
146, 1 -322.269012
146, 2 6.094345
146, 3 77.476730
146, 4 79.475708
146, 5 79.477043
146, 6 79.477036
147, 1 -320.655151
147, 2 7.838603
147, 3 79.163589
147, 4 81.150543
147, 5 81.151848
147, 6 81.151840
148, 1 -318.958160
148, 2 9.673738
148, 3 80.937767
148, 4 82.912025
148, 5 82.913307
148, 6 82.913300
149, 1 -317.171509
149, 2 11.606873
149, 3 82.805977
149, 4 84.766830
149, 5 84.768074
149, 6 84.768082
150, 1 -315.288239
150, 2 13.645778
150, 3 84.775673
150, 4 86.722321
150, 5 86.723549
150, 6 86.723541
151, 1 -313.300446
151, 2 15.799112
151, 3 86.855019
151, 4 88.786621
151, 5 88.787827
151, 6 88.787827
152, 1 -311.199493
152, 2 18.076475
152, 3 89.053139
152, 4 90.968796
152, 5 90.969971
152, 6 90.969963
153, 1 -308.975800
153, 2 20.488514
153, 3 91.380142
153, 4 93.278831
153, 5 93.279976
153, 6 93.279984
154, 1 -306.618622
154, 2 23.047159
154, 3 93.847298
154, 4 95.727928
154, 5 95.729050
154, 6 95.729042
155, 1 -304.115906
155, 2 25.765730
155, 3 96.467163
155, 4 98.328545
155, 5 98.329628
155, 6 98.329628
156, 1 -301.454376
156, 2 28.659124
156, 3 99.253860
156, 4 101.094666
156, 5 101.095718
156, 6 101.095718
157, 1 -298.618866
157, 2 31.744204
157, 3 102.223206
157, 4 104.042000
157, 5 104.043015
157, 6 104.043015
158, 1 -295.592346
158, 2 35.039948
158, 3 105.393059
158, 4 107.188232
158, 5 107.189209
159, 1 -292.355560
159, 2 38.567883
159, 3 108.783577
159, 4 110.553368
159, 5 110.554298
160, 1 -288.886658
160, 2 42.352467
160, 3 112.417648
160, 4 114.160080
160, 5 114.160980
161, 1 -285.160767
161, 2 46.421604
161, 3 116.321312
161, 4 118.034210
161, 5 118.035057
162, 1 -281.149536
162, 2 50.807217
162, 3 120.524307
162, 4 122.205238
162, 5 122.206047
163, 1 -276.819977
163, 2 55.546223
163, 3 125.060760
163, 4 126.706993
163, 5 126.707748
164, 1 -272.134552
164, 2 60.681023
164, 3 129.969910
164, 4 131.578384
164, 5 131.579086
165, 1 -267.049561
165, 2 66.260941
165, 3 135.297150
165, 4 136.864410
165, 5 136.865082
166, 1 -261.514069
166, 2 72.343529
166, 3 141.095139
166, 4 142.617310
166, 5 142.617905
167, 1 -255.468719
167, 2 78.996033
167, 3 147.425201
167, 4 148.897903
167, 5 148.898453
168, 1 -248.843506
168, 2 86.297859
168, 3 154.359253
168, 4 155.777466
168, 5 155.777954
169, 1 -241.555786
169, 2 94.342857
169, 3 161.981674
169, 4 163.339752
169, 5 163.340195
170, 1 -233.507370
170, 2 103.242737
170, 3 170.392212
170, 4 171.683716
170, 5 171.684097
171, 1 -224.581100
171, 2 113.131081
171, 3 179.709030
171, 4 180.926666
171, 5 180.926971
172, 1 -214.635803
172, 2 124.168655
172, 3 190.072708
172, 4 191.208221
172, 5 191.208481
173, 1 -203.501282
173, 2 136.549652
173, 3 201.651123
173, 4 202.695221
173, 5 202.695419
174, 1 -190.970367
174, 2 150.509964
174, 3 214.644974
174, 4 215.587341
174, 5 215.587494
175, 1 -176.790009
175, 2 166.337158
175, 3 229.294418
175, 4 230.123871
175, 5 230.123978
176, 1 -160.649948
176, 2 184.382263
176, 3 245.886337
176, 4 246.591156
176, 5 246.591217
177, 1 -142.167862
177, 2 205.074005
177, 3 264.761383
177, 4 265.330231
177, 5 265.330261
178, 1 -120.873070
178, 2 228.933243
178, 3 286.319672
178, 4 286.743073
178, 5 286.743103
179, 1 -96.186707
179, 2 256.585663
179, 3 311.021362
179, 4 311.294617
179, 5 311.294617
180, 1 -67.402458
180, 2 288.765015
180, 3 339.377258
180, 4 339.504608
180, 5 339.504578
181, 1 -33.672775
181, 2 326.292786
181, 3 371.919739
181, 4 371.920197
182, 1 5.988535
182, 2 370.006622
182, 3 409.141968
182, 4 409.055115
182, 5 409.055084
183, 1 52.665585
183, 2 420.592529
183, 3 451.392975
183, 4 451.278107
183, 5 451.278137
184, 1 107.427780
184, 2 478.262756
184, 3 498.722076
184, 4 498.641968
184, 5 498.641998
185, 1 171.103302
185, 2 542.254150
185, 3 550.687927
185, 4 550.669067
185, 5 550.669067
186, 1 243.912064
186, 2 610.274109
186, 3 606.171143
186, 4 606.165466
186, 5 606.165466
187, 1 325.003448
187, 2 678.335815
187, 3 663.276978
187, 4 663.186218
187, 5 663.186218
188, 1 412.078186
188, 2 741.602295
188, 3 719.482971
188, 4 719.261536
188, 5 719.261536
189, 1 501.390228
189, 2 796.227478
189, 3 772.151794
189, 4 771.867432
189, 5 771.867310
190, 1 588.342590
190, 2 840.852295
190, 3 819.196594
190, 4 818.954529
190, 5 818.954468
191, 1 668.538025
191, 2 876.384949
191, 3 859.454712
191, 4 859.301941
191, 5 859.301941
192, 1 738.784363
192, 2 904.591858
192, 3 892.653992
192, 4 892.576477
192, 5 892.576538
193, 1 797.576721
193, 2 927.020874
193, 3 919.188049
193, 4 919.154297
193, 5 919.154175
194, 1 844.959412
194, 2 944.766479
194, 3 939.856812
194, 4 939.843384
194, 5 939.843445
195, 1 882.026062
195, 2 958.637268
195, 3 955.633057
195, 4 955.628052
195, 5 955.628052
196, 1 910.372375
196, 2 969.315674
196, 3 967.488647
196, 4 967.486755
196, 5 967.486816
197, 1 931.687622
197, 2 977.415100
197, 3 976.294373
197, 4 976.293701
198, 1 947.519409
198, 2 983.481140
198, 3 982.778259
198, 4 982.777893
199, 1 959.173523
199, 2 987.977539
199, 3 987.522034
199, 4 987.522095
200, 1 967.697510
200, 2 991.284485
200, 3 990.977112
200, 4 990.976990
201, 1 973.903015
201, 2 993.702332
201, 3 993.484680
201, 4 993.484497
202, 1 978.405640
202, 2 995.462219
202, 3 995.300049
202, 4 995.300171
203, 1 981.665161
203, 2 996.739319
203, 3 996.612244
203, 4 996.612244
204, 1 984.020142
204, 2 997.663513
204, 3 997.559387
204, 4 997.559448
205, 1 985.720032
205, 2 998.331604
205, 3 998.242432
205, 4 998.242432
206, 1 986.945618
206, 2 998.813782
206, 3 998.734619
206, 4 998.734558
207, 1 987.828613
207, 2 999.161133
207, 3 999.089111
207, 4 999.089172
208, 1 988.464905
208, 2 999.411804
208, 3 999.344482
208, 4 999.344482
209, 1 988.922913
209, 2 999.592346
209, 3 999.528320
209, 4 999.528320
210, 1 989.252808
210, 2 999.722168
210, 3 999.660645
210, 4 999.660706
211, 1 989.490295
211, 2 999.815796
211, 3 999.755798
211, 4 999.755798
212, 1 989.661011
212, 2 999.883057
212, 3 999.824219
212, 4 999.824280
213, 1 989.783813
213, 2 999.931519
213, 3 999.873535
213, 4 999.873535
214, 1 989.872131
214, 2 999.966248
214, 3 999.909058
214, 4 999.908936
215, 1 989.935608
215, 2 999.991333
215, 3 999.934448
215, 4 999.934570
216, 1 989.981628
216, 2 1000.009460
216, 3 999.952820
216, 4 999.952820
217, 1 990.014343
217, 2 1000.022278
217, 3 999.966003
217, 4 999.966064
218, 1 990.038086
218, 2 1000.031799
218, 3 999.975525
218, 4 999.975525
219, 1 990.055176
219, 2 1000.038452
219, 3 999.982544
219, 4 999.982422
220, 1 990.067505
220, 2 1000.043457
220, 3 999.987305
220, 4 999.987305
221, 1 990.076294
221, 2 1000.046753
221, 3 999.990845
221, 4 999.990906
222, 1 990.082642
222, 2 1000.049316
222, 3 999.993347
222, 4 999.993530
223, 1 990.087341
223, 2 1000.051270
223, 3 999.995239
223, 4 999.995300
224, 1 990.090637
224, 2 1000.052429
224, 3 999.996704
224, 4 999.996643
225, 1 990.093018
225, 2 1000.053467
225, 3 999.997498
225, 4 999.997498
226, 1 990.094543
226, 2 1000.054138
226, 3 999.998047
226, 4 999.998047
227, 1 990.095459
227, 2 1000.054382
227, 3 999.998596
227, 4 999.998596
228, 1 990.096436
228, 2 1000.054810
228, 3 999.998901
228, 4 999.999023
229, 1 990.097229
229, 2 1000.055054
229, 3 999.999207
229, 4 999.999268
230, 1 990.097717
230, 2 1000.055237
230, 3 999.999512
230, 4 999.999451
231, 1 990.098022
231, 2 1000.055420
231, 3 999.999573
231, 4 999.999573
232, 1 990.098267
232, 2 1000.055481
232, 3 999.999695
232, 4 999.999573
233, 1 990.098267
233, 2 1000.055481
233, 3 999.999695
233, 4 999.999573
234, 1 990.098267
234, 2 1000.055481
234, 3 999.999695
234, 4 999.999573
235, 1 990.098267
235, 2 1000.055481
235, 3 999.999695
235, 4 999.999573
236, 1 990.098267
236, 2 1000.055481
236, 3 999.999695
236, 4 999.999573
237, 1 990.098267
237, 2 1000.055481
237, 3 999.999695
237, 4 999.999573
238, 1 990.098267
238, 2 1000.055481
238, 3 999.999695
238, 4 999.999573
239, 1 990.098267
239, 2 1000.055481
239, 3 999.999695
239, 4 999.999573
240, 1 990.098267
240, 2 1000.055481
240, 3 999.999695
240, 4 999.999573
241, 1 990.098267
241, 2 1000.055481
241, 3 999.999695
241, 4 999.999573
242, 1 990.098267
242, 2 1000.055481
242, 3 999.999695
242, 4 999.999573
243, 1 990.098267
243, 2 1000.055481
243, 3 999.999695
243, 4 999.999573
244, 1 990.098267
244, 2 1000.055481
244, 3 999.999695
244, 4 999.999573
245, 1 990.098267
245, 2 1000.055481
245, 3 999.999695
245, 4 999.999573
246, 1 990.098267
246, 2 1000.055481
246, 3 999.999695
246, 4 999.999573
247, 1 990.098267
247, 2 1000.055481
247, 3 999.999695
247, 4 999.999573
248, 1 990.098267
248, 2 1000.055481
248, 3 999.999695
248, 4 999.999573
249, 1 990.098267
249, 2 1000.055481
249, 3 999.999695
249, 4 999.999573
250, 1 990.098267
250, 2 1000.055481
250, 3 999.999695
250, 4 999.999573
251, 1 990.098267
251, 2 1000.055481
251, 3 999.999695
251, 4 999.999573
252, 1 990.098267
252, 2 1000.055481
252, 3 999.999695
252, 4 999.999573
253, 1 990.098267
253, 2 1000.055481
253, 3 999.999695
253, 4 999.999573
254, 1 990.098267
254, 2 1000.055481
254, 3 999.999695
254, 4 999.999573
255, 1 990.098267
255, 2 1000.055481
255, 3 999.999695
255, 4 999.999573
256, 1 990.098267
256, 2 1000.055481
256, 3 999.999695
256, 4 999.999573
257, 1 990.098267
257, 2 1000.055481
257, 3 999.999695
257, 4 999.999573
258, 1 990.098267
258, 2 1000.055481
258, 3 999.999695
258, 4 999.999573
259, 1 990.098267
259, 2 1000.055481
259, 3 999.999695
259, 4 999.999573
260, 1 990.098267
260, 2 1000.055481
260, 3 999.999695
260, 4 999.999573
261, 1 990.098267
261, 2 1000.055481
261, 3 999.999695
261, 4 999.999573
262, 1 990.098267
262, 2 1000.055481
262, 3 999.999695
262, 4 999.999573
263, 1 990.098267
263, 2 1000.055481
263, 3 999.999695
263, 4 999.999573
264, 1 990.098267
264, 2 1000.055481
264, 3 999.999695
264, 4 999.999573
265, 1 990.098267
265, 2 1000.055481
265, 3 999.999695
265, 4 999.999573
266, 1 990.098267
266, 2 1000.055481
266, 3 999.999695
266, 4 999.999573
267, 1 990.098267
267, 2 1000.055481
267, 3 999.999695
267, 4 999.999573
268, 1 990.098267
268, 2 1000.055481
268, 3 999.999695
268, 4 999.999573
269, 1 990.098267
269, 2 1000.055481
269, 3 999.999695
269, 4 999.999573
270, 1 990.098267
270, 2 1000.055481
270, 3 999.999695
270, 4 999.999573
271, 1 990.098267
271, 2 1000.055481
271, 3 999.999695
271, 4 999.999573
272, 1 990.098267
272, 2 1000.055481
272, 3 999.999695
272, 4 999.999573
273, 1 990.098267
273, 2 1000.055481
273, 3 999.999695
273, 4 999.999573
274, 1 990.098267
274, 2 1000.055481
274, 3 999.999695
274, 4 999.999573
275, 1 990.098267
275, 2 1000.055481
275, 3 999.999695
275, 4 999.999573
276, 1 990.098267
276, 2 1000.055481
276, 3 999.999695
276, 4 999.999573
277, 1 990.098267
277, 2 1000.055481
277, 3 999.999695
277, 4 999.999573
278, 1 990.098267
278, 2 1000.055481
278, 3 999.999695
278, 4 999.999573
279, 1 990.098267
279, 2 1000.055481
279, 3 999.999695
279, 4 999.999573
280, 1 990.098267
280, 2 1000.055481
280, 3 999.999695
280, 4 999.999573
281, 1 990.098267
281, 2 1000.055481
281, 3 999.999695
281, 4 999.999573
282, 1 990.098267
282, 2 1000.055481
282, 3 999.999695
282, 4 999.999573
283, 1 990.098267
283, 2 1000.055481
283, 3 999.999695
283, 4 999.999573
284, 1 990.098267
284, 2 1000.055481
284, 3 999.999695
284, 4 999.999573
285, 1 990.098267
285, 2 1000.055481
285, 3 999.999695
285, 4 999.999573
286, 1 990.098267
286, 2 1000.055481
286, 3 999.999695
286, 4 999.999573
287, 1 990.098267
287, 2 1000.055481
287, 3 999.999695
287, 4 999.999573
288, 1 990.098267
288, 2 1000.055481
288, 3 999.999695
288, 4 999.999573
289, 1 990.098267
289, 2 1000.055481
289, 3 999.999695
289, 4 999.999573
290, 1 990.098267
290, 2 1000.055481
290, 3 999.999695
290, 4 999.999573
291, 1 990.098267
291, 2 1000.055481
291, 3 999.999695
291, 4 999.999573
292, 1 990.098267
292, 2 1000.055481
292, 3 999.999695
292, 4 999.999573
293, 1 990.098267
293, 2 1000.055481
293, 3 999.999695
293, 4 999.999573
294, 1 990.098267
294, 2 1000.055481
294, 3 999.999695
294, 4 999.999573
295, 1 990.098267
295, 2 1000.055481
295, 3 999.999695
295, 4 999.999573
296, 1 990.098267
296, 2 1000.055481
296, 3 999.999695
296, 4 999.999573
297, 1 990.098267
297, 2 1000.055481
297, 3 999.999695
297, 4 999.999573
298, 1 990.098267
298, 2 1000.055481
298, 3 999.999695
298, 4 999.999573
299, 1 990.098267
299, 2 1000.055481
299, 3 999.999695
299, 4 999.999573
300, 1 990.098267
300, 2 1000.055481
300, 3 999.999695
300, 4 999.999573
301, 1 990.098267
301, 2 1000.055481
301, 3 999.999695
301, 4 999.999573
302, 1 990.098267
302, 2 1000.055481
302, 3 999.999695
302, 4 999.999573
303, 1 990.098267
303, 2 1000.055481
303, 3 999.999695
303, 4 999.999573
304, 1 990.098267
304, 2 1000.055481
304, 3 999.999695
304, 4 999.999573
305, 1 990.098267
305, 2 1000.055481
305, 3 999.999695
305, 4 999.999573
306, 1 990.098267
306, 2 1000.055481
306, 3 999.999695
306, 4 999.999573
307, 1 990.098267
307, 2 1000.055481
307, 3 999.999695
307, 4 999.999573
308, 1 990.098267
308, 2 1000.055481
308, 3 999.999695
308, 4 999.999573
309, 1 990.098267
309, 2 1000.055481
309, 3 999.999695
309, 4 999.999573
310, 1 990.098267
310, 2 1000.055481
310, 3 999.999695
310, 4 999.999573
311, 1 990.098267
311, 2 1000.055481
311, 3 999.999695
311, 4 999.999573
312, 1 990.098267
312, 2 1000.055481
312, 3 999.999695
312, 4 999.999573
313, 1 990.098267
313, 2 1000.055481
313, 3 999.999695
313, 4 999.999573
314, 1 990.098267
314, 2 1000.055481
314, 3 999.999695
314, 4 999.999573
315, 1 990.098267
315, 2 1000.055481
315, 3 999.999695
315, 4 999.999573
316, 1 990.098267
316, 2 1000.055481
316, 3 999.999695
316, 4 999.999573
317, 1 990.098267
317, 2 1000.055481
317, 3 999.999695
317, 4 999.999573
318, 1 990.098267
318, 2 1000.055481
318, 3 999.999695
318, 4 999.999573
319, 1 990.098267
319, 2 1000.055481
319, 3 999.999695
319, 4 999.999573
320, 1 990.098267
320, 2 1000.055481
320, 3 999.999695
320, 4 999.999573
321, 1 990.098267
321, 2 1000.055481
321, 3 999.999695
321, 4 999.999573
322, 1 990.098267
322, 2 1000.055481
322, 3 999.999695
322, 4 999.999573
323, 1 990.098267
323, 2 1000.055481
323, 3 999.999695
323, 4 999.999573
324, 1 990.098267
324, 2 1000.055481
324, 3 999.999695
324, 4 999.999573
325, 1 990.098267
325, 2 1000.055481
325, 3 999.999695
325, 4 999.999573
326, 1 990.098267
326, 2 1000.055481
326, 3 999.999695
326, 4 999.999573
327, 1 990.098267
327, 2 1000.055481
327, 3 999.999695
327, 4 999.999573
328, 1 990.098267
328, 2 1000.055481
328, 3 999.999695
328, 4 999.999573
329, 1 990.098267
329, 2 1000.055481
329, 3 999.999695
329, 4 999.999573
330, 1 990.098267
330, 2 1000.055481
330, 3 999.999695
330, 4 999.999573
331, 1 990.098267
331, 2 1000.055481
331, 3 999.999695
331, 4 999.999573
332, 1 990.098267
332, 2 1000.055481
332, 3 999.999695
332, 4 999.999573
333, 1 990.098267
333, 2 1000.055481
333, 3 999.999695
333, 4 999.999573
334, 1 990.098267
334, 2 1000.055481
334, 3 999.999695
334, 4 999.999573
335, 1 990.098267
335, 2 1000.055481
335, 3 999.999695
335, 4 999.999573
336, 1 990.098267
336, 2 1000.055481
336, 3 999.999695
336, 4 999.999573
337, 1 990.098267
337, 2 1000.055481
337, 3 999.999695
337, 4 999.999573
338, 1 990.098267
338, 2 1000.055481
338, 3 999.999695
338, 4 999.999573
339, 1 990.098267
339, 2 1000.055481
339, 3 999.999695
339, 4 999.999573
340, 1 990.098267
340, 2 1000.055481
340, 3 999.999695
340, 4 999.999573
341, 1 990.098267
341, 2 1000.055481
341, 3 999.999695
341, 4 999.999573
342, 1 990.098267
342, 2 1000.055481
342, 3 999.999695
342, 4 999.999573
343, 1 990.098267
343, 2 1000.055481
343, 3 999.999695
343, 4 999.999573
344, 1 990.098267
344, 2 1000.055481
344, 3 999.999695
344, 4 999.999573
345, 1 990.098267
345, 2 1000.055481
345, 3 999.999695
345, 4 999.999573
346, 1 990.098267
346, 2 1000.055481
346, 3 999.999695
346, 4 999.999573
347, 1 990.098267
347, 2 1000.055481
347, 3 999.999695
347, 4 999.999573
348, 1 990.098267
348, 2 1000.055481
348, 3 999.999695
348, 4 999.999573
349, 1 990.098267
349, 2 1000.055481
349, 3 999.999695
349, 4 999.999573
350, 1 990.098267
350, 2 1000.055481
350, 3 999.999695
350, 4 999.999573
351, 1 990.098267
351, 2 1000.055481
351, 3 999.999695
351, 4 999.999573
352, 1 990.098267
352, 2 1000.055481
352, 3 999.999695
352, 4 999.999573
353, 1 990.098267
353, 2 1000.055481
353, 3 999.999695
353, 4 999.999573
354, 1 990.098267
354, 2 1000.055481
354, 3 999.999695
354, 4 999.999573
355, 1 990.098267
355, 2 1000.055481
355, 3 999.999695
355, 4 999.999573
356, 1 990.098267
356, 2 1000.055481
356, 3 999.999695
356, 4 999.999573
357, 1 990.098267
357, 2 1000.055481
357, 3 999.999695
357, 4 999.999573
358, 1 990.098267
358, 2 1000.055481
358, 3 999.999695
358, 4 999.999573
359, 1 990.098267
359, 2 1000.055481
359, 3 999.999695
359, 4 999.999573
360, 1 990.098267
360, 2 1000.055481
360, 3 999.999695
360, 4 999.999573
361, 1 990.098267
361, 2 1000.055481
361, 3 999.999695
361, 4 999.999573
362, 1 990.098267
362, 2 1000.055481
362, 3 999.999695
362, 4 999.999573
363, 1 990.098267
363, 2 1000.055481
363, 3 999.999695
363, 4 999.999573
364, 1 990.098267
364, 2 1000.055481
364, 3 999.999695
364, 4 999.999573
365, 1 990.098267
365, 2 1000.055481
365, 3 999.999695
365, 4 999.999573
366, 1 990.098267
366, 2 1000.055481
366, 3 999.999695
366, 4 999.999573
367, 1 990.098267
367, 2 1000.055481
367, 3 999.999695
367, 4 999.999573
368, 1 990.098267
368, 2 1000.055481
368, 3 999.999695
368, 4 999.999573
369, 1 990.098267
369, 2 1000.055481
369, 3 999.999695
369, 4 999.999573
370, 1 990.098267
370, 2 1000.055481
370, 3 999.999695
370, 4 999.999573
371, 1 990.098267
371, 2 1000.055481
371, 3 999.999695
371, 4 999.999573
372, 1 990.098267
372, 2 1000.055481
372, 3 999.999695
372, 4 999.999573
373, 1 990.098267
373, 2 1000.055481
373, 3 999.999695
373, 4 999.999573
374, 1 990.098267
374, 2 1000.055481
374, 3 999.999695
374, 4 999.999573
375, 1 990.098267
375, 2 1000.055481
375, 3 999.999695
375, 4 999.999573
376, 1 990.098267
376, 2 1000.055481
376, 3 999.999695
376, 4 999.999573
377, 1 990.098267
377, 2 1000.055481
377, 3 999.999695
377, 4 999.999573
378, 1 990.098267
378, 2 1000.055481
378, 3 999.999695
378, 4 999.999573
379, 1 990.098267
379, 2 1000.055481
379, 3 999.999695
379, 4 999.999573
380, 1 990.098267
380, 2 1000.055481
380, 3 999.999695
380, 4 999.999573
381, 1 990.098267
381, 2 1000.055481
381, 3 999.999695
381, 4 999.999573
382, 1 990.098267
382, 2 1000.055481
382, 3 999.999695
382, 4 999.999573
383, 1 990.098267
383, 2 1000.055481
383, 3 999.999695
383, 4 999.999573
384, 1 990.098267
384, 2 1000.055481
384, 3 999.999695
384, 4 999.999573
385, 1 990.098267
385, 2 1000.055481
385, 3 999.999695
385, 4 999.999573
386, 1 990.098267
386, 2 1000.055481
386, 3 999.999695
386, 4 999.999573
387, 1 990.098267
387, 2 1000.055481
387, 3 999.999695
387, 4 999.999573
388, 1 990.098267
388, 2 1000.055481
388, 3 999.999695
388, 4 999.999573
389, 1 990.098267
389, 2 1000.055481
389, 3 999.999695
389, 4 999.999573
390, 1 990.098267
390, 2 1000.055481
390, 3 999.999695
390, 4 999.999573
391, 1 990.098267
391, 2 1000.055481
391, 3 999.999695
391, 4 999.999573
392, 1 990.098267
392, 2 1000.055481
392, 3 999.999695
392, 4 999.999573
393, 1 990.098267
393, 2 1000.055481
393, 3 999.999695
393, 4 999.999573
394, 1 990.098267
394, 2 1000.055481
394, 3 999.999695
394, 4 999.999573
395, 1 990.098267
395, 2 1000.055481
395, 3 999.999695
395, 4 999.999573
396, 1 990.098267
396, 2 1000.055481
396, 3 999.999695
396, 4 999.999573
397, 1 990.098267
397, 2 1000.055481
397, 3 999.999695
397, 4 999.999573
398, 1 990.098267
398, 2 1000.055481
398, 3 999.999695
398, 4 999.999573
399, 1 990.098267
399, 2 1000.055481
399, 3 999.999695
399, 4 999.999573
400, 1 990.098267
400, 2 1000.055481
400, 3 999.999695
400, 4 999.999573
401, 1 990.098267
401, 2 1000.055481
401, 3 999.999695
401, 4 999.999573
402, 1 990.098267
402, 2 1000.055481
402, 3 999.999695
402, 4 999.999573
403, 1 990.098267
403, 2 1000.055481
403, 3 999.999695
403, 4 999.999573
404, 1 990.098267
404, 2 1000.055481
404, 3 999.999695
404, 4 999.999573
405, 1 990.098267
405, 2 1000.055481
405, 3 999.999695
405, 4 999.999573
406, 1 990.098267
406, 2 1000.055481
406, 3 999.999695
406, 4 999.999573
407, 1 990.098267
407, 2 1000.055481
407, 3 999.999695
407, 4 999.999573
408, 1 990.098267
408, 2 1000.055481
408, 3 999.999695
408, 4 999.999573
409, 1 990.098267
409, 2 1000.055481
409, 3 999.999695
409, 4 999.999573
410, 1 990.098267
410, 2 1000.055481
410, 3 999.999695
410, 4 999.999573
411, 1 990.098267
411, 2 1000.055481
411, 3 999.999695
411, 4 999.999573
412, 1 990.098267
412, 2 1000.055481
412, 3 999.999695
412, 4 999.999573
413, 1 990.098267
413, 2 1000.055481
413, 3 999.999695
413, 4 999.999573
414, 1 990.098267
414, 2 1000.055481
414, 3 999.999695
414, 4 999.999573
415, 1 990.098267
415, 2 1000.055481
415, 3 999.999695
415, 4 999.999573
416, 1 990.098267
416, 2 1000.055481
416, 3 999.999695
416, 4 999.999573
417, 1 990.098267
417, 2 1000.055481
417, 3 999.999695
417, 4 999.999573
418, 1 990.098267
418, 2 1000.055481
418, 3 999.999695
418, 4 999.999573
419, 1 990.098267
419, 2 1000.055481
419, 3 999.999695
419, 4 999.999573
420, 1 990.098267
420, 2 1000.055481
420, 3 999.999695
420, 4 999.999573
421, 1 990.098267
421, 2 1000.055481
421, 3 999.999695
421, 4 999.999573
422, 1 990.098267
422, 2 1000.055481
422, 3 999.999695
422, 4 999.999573
423, 1 990.098267
423, 2 1000.055481
423, 3 999.999695
423, 4 999.999573
424, 1 990.098267
424, 2 1000.055481
424, 3 999.999695
424, 4 999.999573
425, 1 990.098267
425, 2 1000.055481
425, 3 999.999695
425, 4 999.999573
426, 1 990.098267
426, 2 1000.055481
426, 3 999.999695
426, 4 999.999573
427, 1 990.098267
427, 2 1000.055481
427, 3 999.999695
427, 4 999.999573
428, 1 990.098267
428, 2 1000.055481
428, 3 999.999695
428, 4 999.999573
429, 1 990.098267
429, 2 1000.055481
429, 3 999.999695
429, 4 999.999573
430, 1 990.098267
430, 2 1000.055481
430, 3 999.999695
430, 4 999.999573
431, 1 990.098267
431, 2 1000.055481
431, 3 999.999695
431, 4 999.999573
432, 1 990.098267
432, 2 1000.055481
432, 3 999.999695
432, 4 999.999573
433, 1 990.098267
433, 2 1000.055481
433, 3 999.999695
433, 4 999.999573
434, 1 990.098267
434, 2 1000.055481
434, 3 999.999695
434, 4 999.999573
435, 1 990.098267
435, 2 1000.055481
435, 3 999.999695
435, 4 999.999573
436, 1 990.098267
436, 2 1000.055481
436, 3 999.999695
436, 4 999.999573
437, 1 990.098267
437, 2 1000.055481
437, 3 999.999695
437, 4 999.999573
438, 1 990.098267
438, 2 1000.055481
438, 3 999.999695
438, 4 999.999573
439, 1 990.098267
439, 2 1000.055481
439, 3 999.999695
439, 4 999.999573
440, 1 990.098267
440, 2 1000.055481
440, 3 999.999695
440, 4 999.999573
441, 1 990.098267
441, 2 1000.055481
441, 3 999.999695
441, 4 999.999573
442, 1 990.098267
442, 2 1000.055481
442, 3 999.999695
442, 4 999.999573
443, 1 990.098267
443, 2 1000.055481
443, 3 999.999695
443, 4 999.999573
444, 1 990.098267
444, 2 1000.055481
444, 3 999.999695
444, 4 999.999573
445, 1 990.098267
445, 2 1000.055481
445, 3 999.999695
445, 4 999.999573
446, 1 990.098267
446, 2 1000.055481
446, 3 999.999695
446, 4 999.999573
447, 1 990.098267
447, 2 1000.055481
447, 3 999.999695
447, 4 999.999573
448, 1 990.098267
448, 2 1000.055481
448, 3 999.999695
448, 4 999.999573
449, 1 990.098267
449, 2 1000.055481
449, 3 999.999695
449, 4 999.999573
450, 1 990.098267
450, 2 1000.055481
450, 3 999.999695
450, 4 999.999573
451, 1 990.098267
451, 2 1000.055481
451, 3 999.999695
451, 4 999.999573
452, 1 990.098267
452, 2 1000.055481
452, 3 999.999695
452, 4 999.999573
453, 1 990.098267
453, 2 1000.055481
453, 3 999.999695
453, 4 999.999573
454, 1 990.098267
454, 2 1000.055481
454, 3 999.999695
454, 4 999.999573
455, 1 990.098267
455, 2 1000.055481
455, 3 999.999695
455, 4 999.999573
456, 1 990.098267
456, 2 1000.055481
456, 3 999.999695
456, 4 999.999573
457, 1 990.098267
457, 2 1000.055481
457, 3 999.999695
457, 4 999.999573
458, 1 990.098267
458, 2 1000.055481
458, 3 999.999695
458, 4 999.999573
459, 1 990.098267
459, 2 1000.055481
459, 3 999.999695
459, 4 999.999573
460, 1 990.098267
460, 2 1000.055481
460, 3 999.999695
460, 4 999.999573
461, 1 990.098267
461, 2 1000.055481
461, 3 999.999695
461, 4 999.999573
462, 1 990.098267
462, 2 1000.055481
462, 3 999.999695
462, 4 999.999573
463, 1 990.098267
463, 2 1000.055481
463, 3 999.999695
463, 4 999.999573
464, 1 990.098267
464, 2 1000.055481
464, 3 999.999695
464, 4 999.999573
465, 1 990.098267
465, 2 1000.055481
465, 3 999.999695
465, 4 999.999573
466, 1 990.098267
466, 2 1000.055481
466, 3 999.999695
466, 4 999.999573
467, 1 990.098267
467, 2 1000.055481
467, 3 999.999695
467, 4 999.999573
468, 1 990.098267
468, 2 1000.055481
468, 3 999.999695
468, 4 999.999573
469, 1 990.098267
469, 2 1000.055481
469, 3 999.999695
469, 4 999.999573
470, 1 990.098267
470, 2 1000.055481
470, 3 999.999695
470, 4 999.999573
471, 1 990.098267
471, 2 1000.055481
471, 3 999.999695
471, 4 999.999573
472, 1 990.098267
472, 2 1000.055481
472, 3 999.999695
472, 4 999.999573
473, 1 990.098267
473, 2 1000.055481
473, 3 999.999695
473, 4 999.999573
474, 1 990.098267
474, 2 1000.055481
474, 3 999.999695
474, 4 999.999573
475, 1 990.098267
475, 2 1000.055481
475, 3 999.999695
475, 4 999.999573
476, 1 990.098267
476, 2 1000.055481
476, 3 999.999695
476, 4 999.999573
477, 1 990.098267
477, 2 1000.055481
477, 3 999.999695
477, 4 999.999573
478, 1 990.098267
478, 2 1000.055481
478, 3 999.999695
478, 4 999.999573
479, 1 990.098267
479, 2 1000.055481
479, 3 999.999695
479, 4 999.999573
480, 1 990.098267
480, 2 1000.055481
480, 3 999.999695
480, 4 999.999573
481, 1 990.098267
481, 2 1000.055481
481, 3 999.999695
481, 4 999.999573
482, 1 990.098267
482, 2 1000.055481
482, 3 999.999695
482, 4 999.999573
483, 1 990.098267
483, 2 1000.055481
483, 3 999.999695
483, 4 999.999573
484, 1 990.098267
484, 2 1000.055481
484, 3 999.999695
484, 4 999.999573
485, 1 990.098267
485, 2 1000.055481
485, 3 999.999695
485, 4 999.999573
486, 1 990.098267
486, 2 1000.055481
486, 3 999.999695
486, 4 999.999573
487, 1 990.098267
487, 2 1000.055481
487, 3 999.999695
487, 4 999.999573
488, 1 990.098267
488, 2 1000.055481
488, 3 999.999695
488, 4 999.999573
489, 1 990.098267
489, 2 1000.055481
489, 3 999.999695
489, 4 999.999573
490, 1 990.098267
490, 2 1000.055481
490, 3 999.999695
490, 4 999.999573
491, 1 990.098267
491, 2 1000.055481
491, 3 999.999695
491, 4 999.999573
492, 1 990.098267
492, 2 1000.055481
492, 3 999.999695
492, 4 999.999573
493, 1 990.098267
493, 2 1000.055481
493, 3 999.999695
493, 4 999.999573
494, 1 990.098267
494, 2 1000.055481
494, 3 999.999695
494, 4 999.999573
495, 1 990.098267
495, 2 1000.055481
495, 3 999.999695
495, 4 999.999573
496, 1 990.098267
496, 2 1000.055481
496, 3 999.999695
496, 4 999.999573
497, 1 990.098267
497, 2 1000.055481
497, 3 999.999695
497, 4 999.999573
498, 1 990.098267
498, 2 1000.055481
498, 3 999.999695
498, 4 999.999573
499, 1 990.098267
499, 2 1000.055481
499, 3 999.999695
499, 4 999.999573
500, 1 990.098267
500, 2 1000.055481
500, 3 999.999695
500, 4 999.999573
501, 1 990.098267
501, 2 1000.055481
501, 3 999.999695
501, 4 999.999573
502, 1 990.098267
502, 2 1000.055481
502, 3 999.999695
502, 4 999.999573
503, 1 990.098267
503, 2 1000.055481
503, 3 999.999695
503, 4 999.999573
504, 1 990.098267
504, 2 1000.055481
504, 3 999.999695
504, 4 999.999573
505, 1 990.098267
505, 2 1000.055481
505, 3 999.999695
505, 4 999.999573
506, 1 990.098267
506, 2 1000.055481
506, 3 999.999695
506, 4 999.999573
507, 1 990.098267
507, 2 1000.055481
507, 3 999.999695
507, 4 999.999573
508, 1 990.098267
508, 2 1000.055481
508, 3 999.999695
508, 4 999.999573
509, 1 990.098267
509, 2 1000.055481
509, 3 999.999695
509, 4 999.999573
510, 1 990.098267
510, 2 1000.055481
510, 3 999.999695
510, 4 999.999573
511, 1 990.098267
511, 2 1000.055481
511, 3 999.999695
511, 4 999.999573
512, 1 990.098267
512, 2 1000.055481
512, 3 999.999695
512, 4 999.999573
513, 1 990.098267
513, 2 1000.055481
513, 3 999.999695
513, 4 999.999573
514, 1 990.098267
514, 2 1000.055481
514, 3 999.999695
514, 4 999.999573
515, 1 990.098267
515, 2 1000.055481
515, 3 999.999695
515, 4 999.999573
516, 1 990.098267
516, 2 1000.055481
516, 3 999.999695
516, 4 999.999573
517, 1 990.098267
517, 2 1000.055481
517, 3 999.999695
517, 4 999.999573
518, 1 990.098267
518, 2 1000.055481
518, 3 999.999695
518, 4 999.999573
519, 1 990.098267
519, 2 1000.055481
519, 3 999.999695
519, 4 999.999573
520, 1 990.098267
520, 2 1000.055481
520, 3 999.999695
520, 4 999.999573
521, 1 990.098267
521, 2 1000.055481
521, 3 999.999695
521, 4 999.999573
522, 1 990.098267
522, 2 1000.055481
522, 3 999.999695
522, 4 999.999573
523, 1 990.098267
523, 2 1000.055481
523, 3 999.999695
523, 4 999.999573
524, 1 990.098267
524, 2 1000.055481
524, 3 999.999695
524, 4 999.999573
525, 1 990.098267
525, 2 1000.055481
525, 3 999.999695
525, 4 999.999573
526, 1 990.098267
526, 2 1000.055481
526, 3 999.999695
526, 4 999.999573
527, 1 990.098267
527, 2 1000.055481
527, 3 999.999695
527, 4 999.999573
528, 1 990.098267
528, 2 1000.055481
528, 3 999.999695
528, 4 999.999573
529, 1 990.098267
529, 2 1000.055481
529, 3 999.999695
529, 4 999.999573
530, 1 990.098267
530, 2 1000.055481
530, 3 999.999695
530, 4 999.999573
531, 1 990.098267
531, 2 1000.055481
531, 3 999.999695
531, 4 999.999573
532, 1 990.098267
532, 2 1000.055481
532, 3 999.999695
532, 4 999.999573
533, 1 990.098267
533, 2 1000.055481
533, 3 999.999695
533, 4 999.999573
534, 1 990.098267
534, 2 1000.055481
534, 3 999.999695
534, 4 999.999573
535, 1 990.098267
535, 2 1000.055481
535, 3 999.999695
535, 4 999.999573
536, 1 990.098267
536, 2 1000.055481
536, 3 999.999695
536, 4 999.999573
537, 1 990.098267
537, 2 1000.055481
537, 3 999.999695
537, 4 999.999573
538, 1 990.098267
538, 2 1000.055481
538, 3 999.999695
538, 4 999.999573
539, 1 990.098267
539, 2 1000.055481
539, 3 999.999695
539, 4 999.999573
540, 1 990.098267
540, 2 1000.055481
540, 3 999.999695
540, 4 999.999573
541, 1 990.098267
541, 2 1000.055481
541, 3 999.999695
541, 4 999.999573
542, 1 990.098267
542, 2 1000.055481
542, 3 999.999695
542, 4 999.999573
543, 1 990.098267
543, 2 1000.055481
543, 3 999.999695
543, 4 999.999573
544, 1 990.098267
544, 2 1000.055481
544, 3 999.999695
544, 4 999.999573
545, 1 990.098267
545, 2 1000.055481
545, 3 999.999695
545, 4 999.999573
546, 1 990.098267
546, 2 1000.055481
546, 3 999.999695
546, 4 999.999573
547, 1 990.098267
547, 2 1000.055481
547, 3 999.999695
547, 4 999.999573
548, 1 990.098267
548, 2 1000.055481
548, 3 999.999695
548, 4 999.999573
549, 1 990.098267
549, 2 1000.055481
549, 3 999.999695
549, 4 999.999573
550, 1 990.098267
550, 2 1000.055481
550, 3 999.999695
550, 4 999.999573
551, 1 990.098267
551, 2 1000.055481
551, 3 999.999695
551, 4 999.999573
552, 1 990.098267
552, 2 1000.055481
552, 3 999.999695
552, 4 999.999573
553, 1 990.098267
553, 2 1000.055481
553, 3 999.999695
553, 4 999.999573
554, 1 990.098267
554, 2 1000.055481
554, 3 999.999695
554, 4 999.999573
555, 1 990.098267
555, 2 1000.055481
555, 3 999.999695
555, 4 999.999573
556, 1 990.098267
556, 2 1000.055481
556, 3 999.999695
556, 4 999.999573
557, 1 990.098267
557, 2 1000.055481
557, 3 999.999695
557, 4 999.999573
558, 1 990.098267
558, 2 1000.055481
558, 3 999.999695
558, 4 999.999573
559, 1 990.098267
559, 2 1000.055481
559, 3 999.999695
559, 4 999.999573
560, 1 990.098267
560, 2 1000.055481
560, 3 999.999695
560, 4 999.999573
561, 1 990.098267
561, 2 1000.055481
561, 3 999.999695
561, 4 999.999573
562, 1 990.098267
562, 2 1000.055481
562, 3 999.999695
562, 4 999.999573
563, 1 990.098267
563, 2 1000.055481
563, 3 999.999695
563, 4 999.999573
564, 1 990.098267
564, 2 1000.055481
564, 3 999.999695
564, 4 999.999573
565, 1 990.098267
565, 2 1000.055481
565, 3 999.999695
565, 4 999.999573
566, 1 990.098267
566, 2 1000.055481
566, 3 999.999695
566, 4 999.999573
567, 1 990.098267
567, 2 1000.055481
567, 3 999.999695
567, 4 999.999573
568, 1 990.098267
568, 2 1000.055481
568, 3 999.999695
568, 4 999.999573
569, 1 990.098267
569, 2 1000.055481
569, 3 999.999695
569, 4 999.999573
570, 1 990.098267
570, 2 1000.055481
570, 3 999.999695
570, 4 999.999573
571, 1 990.098267
571, 2 1000.055481
571, 3 999.999695
571, 4 999.999573
572, 1 990.098267
572, 2 1000.055481
572, 3 999.999695
572, 4 999.999573
573, 1 990.098267
573, 2 1000.055481
573, 3 999.999695
573, 4 999.999573
574, 1 990.098267
574, 2 1000.055481
574, 3 999.999695
574, 4 999.999573
575, 1 990.098267
575, 2 1000.055481
575, 3 999.999695
575, 4 999.999573
576, 1 990.098267
576, 2 1000.055481
576, 3 999.999695
576, 4 999.999573
577, 1 990.098267
577, 2 1000.055481
577, 3 999.999695
577, 4 999.999573
578, 1 990.098267
578, 2 1000.055481
578, 3 999.999695
578, 4 999.999573
579, 1 990.098267
579, 2 1000.055481
579, 3 999.999695
579, 4 999.999573
580, 1 990.098267
580, 2 1000.055481
580, 3 999.999695
580, 4 999.999573
581, 1 990.098267
581, 2 1000.055481
581, 3 999.999695
581, 4 999.999573
582, 1 990.098267
582, 2 1000.055481
582, 3 999.999695
582, 4 999.999573
583, 1 990.098267
583, 2 1000.055481
583, 3 999.999695
583, 4 999.999573
584, 1 990.098267
584, 2 1000.055481
584, 3 999.999695
584, 4 999.999573
585, 1 990.098267
585, 2 1000.055481
585, 3 999.999695
585, 4 999.999573
586, 1 990.098267
586, 2 1000.055481
586, 3 999.999695
586, 4 999.999573
587, 1 990.098267
587, 2 1000.055481
587, 3 999.999695
587, 4 999.999573
588, 1 990.098267
588, 2 1000.055481
588, 3 999.999695
588, 4 999.999573
589, 1 990.098267
589, 2 1000.055481
589, 3 999.999695
589, 4 999.999573
590, 1 990.098267
590, 2 1000.055481
590, 3 999.999695
590, 4 999.999573
591, 1 990.098267
591, 2 1000.055481
591, 3 999.999695
591, 4 999.999573
592, 1 990.098267
592, 2 1000.055481
592, 3 999.999695
592, 4 999.999573
593, 1 990.098267
593, 2 1000.055481
593, 3 999.999695
593, 4 999.999573
594, 1 990.098267
594, 2 1000.055481
594, 3 999.999695
594, 4 999.999573
595, 1 990.098267
595, 2 1000.055481
595, 3 999.999695
595, 4 999.999573
596, 1 990.098267
596, 2 1000.055481
596, 3 999.999695
596, 4 999.999573
597, 1 990.098267
597, 2 1000.055481
597, 3 999.999695
597, 4 999.999573
598, 1 990.098267
598, 2 1000.055481
598, 3 999.999695
598, 4 999.999573
599, 1 990.098267
599, 2 1000.055481
599, 3 999.999695
599, 4 999.999573
600, 1 990.098267
600, 2 1000.055481
600, 3 999.999695
600, 4 999.999573
601, 1 990.098267
601, 2 1000.055481
601, 3 999.999695
601, 4 999.999573
602, 1 990.098267
602, 2 1000.055481
602, 3 999.999695
602, 4 999.999573
603, 1 990.098267
603, 2 1000.055481
603, 3 999.999695
603, 4 999.999573
604, 1 990.098267
604, 2 1000.055481
604, 3 999.999695
604, 4 999.999573
605, 1 990.098267
605, 2 1000.055481
605, 3 999.999695
605, 4 999.999573
606, 1 990.098267
606, 2 1000.055481
606, 3 999.999695
606, 4 999.999573
607, 1 990.098267
607, 2 1000.055481
607, 3 999.999695
607, 4 999.999573
608, 1 990.098267
608, 2 1000.055481
608, 3 999.999695
608, 4 999.999573
609, 1 990.098267
609, 2 1000.055481
609, 3 999.999695
609, 4 999.999573
610, 1 990.098267
610, 2 1000.055481
610, 3 999.999695
610, 4 999.999573
611, 1 990.098267
611, 2 1000.055481
611, 3 999.999695
611, 4 999.999573
612, 1 990.098267
612, 2 1000.055481
612, 3 999.999695
612, 4 999.999573
613, 1 990.098267
613, 2 1000.055481
613, 3 999.999695
613, 4 999.999573
614, 1 990.098267
614, 2 1000.055481
614, 3 999.999695
614, 4 999.999573
615, 1 990.098267
615, 2 1000.055481
615, 3 999.999695
615, 4 999.999573
616, 1 990.098267
616, 2 1000.055481
616, 3 999.999695
616, 4 999.999573
617, 1 990.098267
617, 2 1000.055481
617, 3 999.999695
617, 4 999.999573
618, 1 990.098267
618, 2 1000.055481
618, 3 999.999695
618, 4 999.999573
619, 1 990.098267
619, 2 1000.055481
619, 3 999.999695
619, 4 999.999573
620, 1 990.098267
620, 2 1000.055481
620, 3 999.999695
620, 4 999.999573
621, 1 990.098267
621, 2 1000.055481
621, 3 999.999695
621, 4 999.999573
622, 1 990.098267
622, 2 1000.055481
622, 3 999.999695
622, 4 999.999573
623, 1 990.098267
623, 2 1000.055481
623, 3 999.999695
623, 4 999.999573
624, 1 990.098267
624, 2 1000.055481
624, 3 999.999695
624, 4 999.999573
625, 1 990.098267
625, 2 1000.055481
625, 3 999.999695
625, 4 999.999573
626, 1 990.098267
626, 2 1000.055481
626, 3 999.999695
626, 4 999.999573
627, 1 990.098267
627, 2 1000.055481
627, 3 999.999695
627, 4 999.999573
628, 1 990.098267
628, 2 1000.055481
628, 3 999.999695
628, 4 999.999573
629, 1 990.098267
629, 2 1000.055481
629, 3 999.999695
629, 4 999.999573
630, 1 990.098267
630, 2 1000.055481
630, 3 999.999695
630, 4 999.999573
631, 1 990.098267
631, 2 1000.055481
631, 3 999.999695
631, 4 999.999573
632, 1 990.098267
632, 2 1000.055481
632, 3 999.999695
632, 4 999.999573
633, 1 990.098267
633, 2 1000.055481
633, 3 999.999695
633, 4 999.999573
634, 1 990.098267
634, 2 1000.055481
634, 3 999.999695
634, 4 999.999573
635, 1 990.098267
635, 2 1000.055481
635, 3 999.999695
635, 4 999.999573
636, 1 990.098267
636, 2 1000.055481
636, 3 999.999695
636, 4 999.999573
637, 1 990.098267
637, 2 1000.055481
637, 3 999.999695
637, 4 999.999573
638, 1 990.098267
638, 2 1000.055481
638, 3 999.999695
638, 4 999.999573
639, 1 990.098267
639, 2 1000.055481
639, 3 999.999695
639, 4 999.999573
640, 1 990.098267
640, 2 1000.055481
640, 3 999.999695
640, 4 999.999573
641, 1 990.098267
641, 2 1000.055481
641, 3 999.999695
641, 4 999.999573
642, 1 990.098267
642, 2 1000.055481
642, 3 999.999695
642, 4 999.999573
643, 1 990.098267
643, 2 1000.055481
643, 3 999.999695
643, 4 999.999573
644, 1 990.098267
644, 2 1000.055481
644, 3 999.999695
644, 4 999.999573
645, 1 990.098267
645, 2 1000.055481
645, 3 999.999695
645, 4 999.999573
646, 1 990.098267
646, 2 1000.055481
646, 3 999.999695
646, 4 999.999573
647, 1 990.098267
647, 2 1000.055481
647, 3 999.999695
647, 4 999.999573
648, 1 990.098267
648, 2 1000.055481
648, 3 999.999695
648, 4 999.999573
649, 1 990.098267
649, 2 1000.055481
649, 3 999.999695
649, 4 999.999573
650, 1 990.098267
650, 2 1000.055481
650, 3 999.999695
650, 4 999.999573
651, 1 990.098267
651, 2 1000.055481
651, 3 999.999695
651, 4 999.999573
652, 1 990.098267
652, 2 1000.055481
652, 3 999.999695
652, 4 999.999573
653, 1 990.098267
653, 2 1000.055481
653, 3 999.999695
653, 4 999.999573
654, 1 990.098267
654, 2 1000.055481
654, 3 999.999695
654, 4 999.999573
655, 1 990.098267
655, 2 1000.055481
655, 3 999.999695
655, 4 999.999573
656, 1 990.098267
656, 2 1000.055481
656, 3 999.999695
656, 4 999.999573
657, 1 990.098267
657, 2 1000.055481
657, 3 999.999695
657, 4 999.999573
658, 1 990.098267
658, 2 1000.055481
658, 3 999.999695
658, 4 999.999573
659, 1 990.098267
659, 2 1000.055481
659, 3 999.999695
659, 4 999.999573
660, 1 990.098267
660, 2 1000.055481
660, 3 999.999695
660, 4 999.999573
661, 1 990.098267
661, 2 1000.055481
661, 3 999.999695
661, 4 999.999573
662, 1 990.098267
662, 2 1000.055481
662, 3 999.999695
662, 4 999.999573
663, 1 990.098267
663, 2 1000.055481
663, 3 999.999695
663, 4 999.999573
664, 1 990.098267
664, 2 1000.055481
664, 3 999.999695
664, 4 999.999573
665, 1 990.098267
665, 2 1000.055481
665, 3 999.999695
665, 4 999.999573
666, 1 990.098267
666, 2 1000.055481
666, 3 999.999695
666, 4 999.999573
667, 1 990.098267
667, 2 1000.055481
667, 3 999.999695
667, 4 999.999573
668, 1 990.098267
668, 2 1000.055481
668, 3 999.999695
668, 4 999.999573
669, 1 990.098267
669, 2 1000.055481
669, 3 999.999695
669, 4 999.999573
670, 1 990.098267
670, 2 1000.055481
670, 3 999.999695
670, 4 999.999573
671, 1 990.098267
671, 2 1000.055481
671, 3 999.999695
671, 4 999.999573
672, 1 990.098267
672, 2 1000.055481
672, 3 999.999695
672, 4 999.999573
673, 1 990.098267
673, 2 1000.055481
673, 3 999.999695
673, 4 999.999573
674, 1 990.098267
674, 2 1000.055481
674, 3 999.999695
674, 4 999.999573
675, 1 990.098267
675, 2 1000.055481
675, 3 999.999695
675, 4 999.999573
676, 1 990.098267
676, 2 1000.055481
676, 3 999.999695
676, 4 999.999573
677, 1 990.098267
677, 2 1000.055481
677, 3 999.999695
677, 4 999.999573
678, 1 990.098267
678, 2 1000.055481
678, 3 999.999695
678, 4 999.999573
679, 1 990.098267
679, 2 1000.055481
679, 3 999.999695
679, 4 999.999573
680, 1 990.098267
680, 2 1000.055481
680, 3 999.999695
680, 4 999.999573
681, 1 990.098267
681, 2 1000.055481
681, 3 999.999695
681, 4 999.999573
682, 1 990.098267
682, 2 1000.055481
682, 3 999.999695
682, 4 999.999573
683, 1 990.098267
683, 2 1000.055481
683, 3 999.999695
683, 4 999.999573
684, 1 990.098267
684, 2 1000.055481
684, 3 999.999695
684, 4 999.999573
685, 1 990.098267
685, 2 1000.055481
685, 3 999.999695
685, 4 999.999573
686, 1 990.098267
686, 2 1000.055481
686, 3 999.999695
686, 4 999.999573
687, 1 990.098267
687, 2 1000.055481
687, 3 999.999695
687, 4 999.999573
688, 1 990.098267
688, 2 1000.055481
688, 3 999.999695
688, 4 999.999573
689, 1 990.098267
689, 2 1000.055481
689, 3 999.999695
689, 4 999.999573
690, 1 990.098267
690, 2 1000.055481
690, 3 999.999695
690, 4 999.999573
691, 1 990.098267
691, 2 1000.055481
691, 3 999.999695
691, 4 999.999573
692, 1 990.098267
692, 2 1000.055481
692, 3 999.999695
692, 4 999.999573
693, 1 990.098267
693, 2 1000.055481
693, 3 999.999695
693, 4 999.999573
694, 1 990.098267
694, 2 1000.055481
694, 3 999.999695
694, 4 999.999573
695, 1 990.098267
695, 2 1000.055481
695, 3 999.999695
695, 4 999.999573
696, 1 990.098267
696, 2 1000.055481
696, 3 999.999695
696, 4 999.999573
697, 1 990.098267
697, 2 1000.055481
697, 3 999.999695
697, 4 999.999573
698, 1 990.098267
698, 2 1000.055481
698, 3 999.999695
698, 4 999.999573
699, 1 990.098267
699, 2 1000.055481
699, 3 999.999695
699, 4 999.999573
700, 1 990.098267
700, 2 1000.055481
700, 3 999.999695
700, 4 999.999573
701, 1 990.098267
701, 2 1000.055481
701, 3 999.999695
701, 4 999.999573
702, 1 990.098267
702, 2 1000.055481
702, 3 999.999695
702, 4 999.999573
703, 1 990.098267
703, 2 1000.055481
703, 3 999.999695
703, 4 999.999573
704, 1 990.098267
704, 2 1000.055481
704, 3 999.999695
704, 4 999.999573
705, 1 990.098267
705, 2 1000.055481
705, 3 999.999695
705, 4 999.999573
706, 1 990.098267
706, 2 1000.055481
706, 3 999.999695
706, 4 999.999573
707, 1 990.098267
707, 2 1000.055481
707, 3 999.999695
707, 4 999.999573
708, 1 990.098267
708, 2 1000.055481
708, 3 999.999695
708, 4 999.999573
709, 1 990.098267
709, 2 1000.055481
709, 3 999.999695
709, 4 999.999573
710, 1 990.098267
710, 2 1000.055481
710, 3 999.999695
710, 4 999.999573
711, 1 990.098267
711, 2 1000.055481
711, 3 999.999695
711, 4 999.999573
712, 1 990.098267
712, 2 1000.055481
712, 3 999.999695
712, 4 999.999573
713, 1 990.098267
713, 2 1000.055481
713, 3 999.999695
713, 4 999.999573
714, 1 990.098267
714, 2 1000.055481
714, 3 999.999695
714, 4 999.999573
715, 1 990.098267
715, 2 1000.055481
715, 3 999.999695
715, 4 999.999573
716, 1 990.098267
716, 2 1000.055481
716, 3 999.999695
716, 4 999.999573
717, 1 990.098267
717, 2 1000.055481
717, 3 999.999695
717, 4 999.999573
718, 1 990.098267
718, 2 1000.055481
718, 3 999.999695
718, 4 999.999573
719, 1 990.098267
719, 2 1000.055481
719, 3 999.999695
719, 4 999.999573
720, 1 990.098267
720, 2 1000.055481
720, 3 999.999695
720, 4 999.999573
721, 1 990.098267
721, 2 1000.055481
721, 3 999.999695
721, 4 999.999573
722, 1 990.098267
722, 2 1000.055481
722, 3 999.999695
722, 4 999.999573
723, 1 990.098267
723, 2 1000.055481
723, 3 999.999695
723, 4 999.999573
724, 1 990.098267
724, 2 1000.055481
724, 3 999.999695
724, 4 999.999573
725, 1 990.098267
725, 2 1000.055481
725, 3 999.999695
725, 4 999.999573
726, 1 990.098267
726, 2 1000.055481
726, 3 999.999695
726, 4 999.999573
727, 1 990.098267
727, 2 1000.055481
727, 3 999.999695
727, 4 999.999573
728, 1 990.098267
728, 2 1000.055481
728, 3 999.999695
728, 4 999.999573
729, 1 990.098267
729, 2 1000.055481
729, 3 999.999695
729, 4 999.999573
730, 1 990.098267
730, 2 1000.055481
730, 3 999.999695
730, 4 999.999573
731, 1 990.098267
731, 2 1000.055481
731, 3 999.999695
731, 4 999.999573
732, 1 990.098267
732, 2 1000.055481
732, 3 999.999695
732, 4 999.999573
733, 1 990.098267
733, 2 1000.055481
733, 3 999.999695
733, 4 999.999573
734, 1 990.098267
734, 2 1000.055481
734, 3 999.999695
734, 4 999.999573
735, 1 990.098267
735, 2 1000.055481
735, 3 999.999695
735, 4 999.999573
736, 1 990.098267
736, 2 1000.055481
736, 3 999.999695
736, 4 999.999573
737, 1 990.098267
737, 2 1000.055481
737, 3 999.999695
737, 4 999.999573
738, 1 990.098267
738, 2 1000.055481
738, 3 999.999695
738, 4 999.999573
739, 1 990.098267
739, 2 1000.055481
739, 3 999.999695
739, 4 999.999573
740, 1 990.098267
740, 2 1000.055481
740, 3 999.999695
740, 4 999.999573
741, 1 990.098267
741, 2 1000.055481
741, 3 999.999695
741, 4 999.999573
742, 1 990.098267
742, 2 1000.055481
742, 3 999.999695
742, 4 999.999573
743, 1 990.098267
743, 2 1000.055481
743, 3 999.999695
743, 4 999.999573
744, 1 990.098267
744, 2 1000.055481
744, 3 999.999695
744, 4 999.999573
745, 1 990.098267
745, 2 1000.055481
745, 3 999.999695
745, 4 999.999573
746, 1 990.098267
746, 2 1000.055481
746, 3 999.999695
746, 4 999.999573
747, 1 990.098267
747, 2 1000.055481
747, 3 999.999695
747, 4 999.999573
748, 1 990.098267
748, 2 1000.055481
748, 3 999.999695
748, 4 999.999573
749, 1 990.098267
749, 2 1000.055481
749, 3 999.999695
749, 4 999.999573
750, 1 990.098267
750, 2 1000.055481
750, 3 999.999695
750, 4 999.999573
751, 1 990.098267
751, 2 1000.055481
751, 3 999.999695
751, 4 999.999573
752, 1 990.098267
752, 2 1000.055481
752, 3 999.999695
752, 4 999.999573
753, 1 990.098267
753, 2 1000.055481
753, 3 999.999695
753, 4 999.999573
754, 1 990.098267
754, 2 1000.055481
754, 3 999.999695
754, 4 999.999573
755, 1 990.098267
755, 2 1000.055481
755, 3 999.999695
755, 4 999.999573
756, 1 990.098267
756, 2 1000.055481
756, 3 999.999695
756, 4 999.999573
757, 1 990.098267
757, 2 1000.055481
757, 3 999.999695
757, 4 999.999573
758, 1 990.098267
758, 2 1000.055481
758, 3 999.999695
758, 4 999.999573
759, 1 990.098267
759, 2 1000.055481
759, 3 999.999695
759, 4 999.999573
760, 1 990.098267
760, 2 1000.055481
760, 3 999.999695
760, 4 999.999573
761, 1 990.098267
761, 2 1000.055481
761, 3 999.999695
761, 4 999.999573
762, 1 990.098267
762, 2 1000.055481
762, 3 999.999695
762, 4 999.999573
763, 1 990.098267
763, 2 1000.055481
763, 3 999.999695
763, 4 999.999573
764, 1 990.098267
764, 2 1000.055481
764, 3 999.999695
764, 4 999.999573
765, 1 990.098267
765, 2 1000.055481
765, 3 999.999695
765, 4 999.999573
766, 1 990.098267
766, 2 1000.055481
766, 3 999.999695
766, 4 999.999573
767, 1 990.098267
767, 2 1000.055481
767, 3 999.999695
767, 4 999.999573
768, 1 990.098267
768, 2 1000.055481
768, 3 999.999695
768, 4 999.999573
769, 1 990.098267
769, 2 1000.055481
769, 3 999.999695
769, 4 999.999573
770, 1 990.098267
770, 2 1000.055481
770, 3 999.999695
770, 4 999.999573
771, 1 990.098267
771, 2 1000.055481
771, 3 999.999695
771, 4 999.999573
772, 1 990.098267
772, 2 1000.055481
772, 3 999.999695
772, 4 999.999573
773, 1 990.098267
773, 2 1000.055481
773, 3 999.999695
773, 4 999.999573
774, 1 990.098267
774, 2 1000.055481
774, 3 999.999695
774, 4 999.999573
775, 1 990.098267
775, 2 1000.055481
775, 3 999.999695
775, 4 999.999573
776, 1 990.098267
776, 2 1000.055481
776, 3 999.999695
776, 4 999.999573
777, 1 990.098267
777, 2 1000.055481
777, 3 999.999695
777, 4 999.999573
778, 1 990.098267
778, 2 1000.055481
778, 3 999.999695
778, 4 999.999573
779, 1 990.098267
779, 2 1000.055481
779, 3 999.999695
779, 4 999.999573
780, 1 990.098267
780, 2 1000.055481
780, 3 999.999695
780, 4 999.999573
781, 1 990.098267
781, 2 1000.055481
781, 3 999.999695
781, 4 999.999573
782, 1 990.098267
782, 2 1000.055481
782, 3 999.999695
782, 4 999.999573
783, 1 990.098267
783, 2 1000.055481
783, 3 999.999695
783, 4 999.999573
784, 1 990.098267
784, 2 1000.055481
784, 3 999.999695
784, 4 999.999573
785, 1 990.098267
785, 2 1000.055481
785, 3 999.999695
785, 4 999.999573
786, 1 990.098267
786, 2 1000.055481
786, 3 999.999695
786, 4 999.999573
787, 1 990.098267
787, 2 1000.055481
787, 3 999.999695
787, 4 999.999573
788, 1 990.098267
788, 2 1000.055481
788, 3 999.999695
788, 4 999.999573
789, 1 990.098267
789, 2 1000.055481
789, 3 999.999695
789, 4 999.999573
790, 1 990.098267
790, 2 1000.055481
790, 3 999.999695
790, 4 999.999573
791, 1 990.098267
791, 2 1000.055481
791, 3 999.999695
791, 4 999.999573
792, 1 990.098267
792, 2 1000.055481
792, 3 999.999695
792, 4 999.999573
793, 1 990.098267
793, 2 1000.055481
793, 3 999.999695
793, 4 999.999573
794, 1 990.098267
794, 2 1000.055481
794, 3 999.999695
794, 4 999.999573
795, 1 990.098267
795, 2 1000.055481
795, 3 999.999695
795, 4 999.999573
796, 1 990.098267
796, 2 1000.055481
796, 3 999.999695
796, 4 999.999573
797, 1 990.098267
797, 2 1000.055481
797, 3 999.999695
797, 4 999.999573
798, 1 990.098267
798, 2 1000.055481
798, 3 999.999695
798, 4 999.999573
799, 1 990.098267
799, 2 1000.055481
799, 3 999.999695
799, 4 999.999573
800, 1 990.098267
800, 2 1000.055481
800, 3 999.999695
800, 4 999.999573
801, 1 990.098267
801, 2 1000.055481
801, 3 999.999695
801, 4 999.999573
802, 1 990.098267
802, 2 1000.055481
802, 3 999.999695
802, 4 999.999573
803, 1 990.098267
803, 2 1000.055481
803, 3 999.999695
803, 4 999.999573
804, 1 990.098267
804, 2 1000.055481
804, 3 999.999695
804, 4 999.999573
805, 1 990.098267
805, 2 1000.055481
805, 3 999.999695
805, 4 999.999573
806, 1 990.098267
806, 2 1000.055481
806, 3 999.999695
806, 4 999.999573
807, 1 990.098267
807, 2 1000.055481
807, 3 999.999695
807, 4 999.999573
808, 1 990.098267
808, 2 1000.055481
808, 3 999.999695
808, 4 999.999573
809, 1 990.098267
809, 2 1000.055481
809, 3 999.999695
809, 4 999.999573
810, 1 990.098267
810, 2 1000.055481
810, 3 999.999695
810, 4 999.999573
811, 1 990.098267
811, 2 1000.055481
811, 3 999.999695
811, 4 999.999573
812, 1 990.098267
812, 2 1000.055481
812, 3 999.999695
812, 4 999.999573
813, 1 990.098267
813, 2 1000.055481
813, 3 999.999695
813, 4 999.999573
814, 1 990.098267
814, 2 1000.055481
814, 3 999.999695
814, 4 999.999573
815, 1 990.098267
815, 2 1000.055481
815, 3 999.999695
815, 4 999.999573
816, 1 990.098267
816, 2 1000.055481
816, 3 999.999695
816, 4 999.999573
817, 1 990.098267
817, 2 1000.055481
817, 3 999.999695
817, 4 999.999573
818, 1 990.098267
818, 2 1000.055481
818, 3 999.999695
818, 4 999.999573
819, 1 990.098267
819, 2 1000.055481
819, 3 999.999695
819, 4 999.999573
820, 1 990.098267
820, 2 1000.055481
820, 3 999.999695
820, 4 999.999573
821, 1 990.098267
821, 2 1000.055481
821, 3 999.999695
821, 4 999.999573
822, 1 990.098267
822, 2 1000.055481
822, 3 999.999695
822, 4 999.999573
823, 1 990.098267
823, 2 1000.055481
823, 3 999.999695
823, 4 999.999573
824, 1 990.098267
824, 2 1000.055481
824, 3 999.999695
824, 4 999.999573
825, 1 990.098267
825, 2 1000.055481
825, 3 999.999695
825, 4 999.999573
826, 1 990.098267
826, 2 1000.055481
826, 3 999.999695
826, 4 999.999573
827, 1 990.098267
827, 2 1000.055481
827, 3 999.999695
827, 4 999.999573
828, 1 990.098267
828, 2 1000.055481
828, 3 999.999695
828, 4 999.999573
829, 1 990.098267
829, 2 1000.055481
829, 3 999.999695
829, 4 999.999573
830, 1 990.098267
830, 2 1000.055481
830, 3 999.999695
830, 4 999.999573
831, 1 990.098267
831, 2 1000.055481
831, 3 999.999695
831, 4 999.999573
832, 1 990.098267
832, 2 1000.055481
832, 3 999.999695
832, 4 999.999573
833, 1 990.098267
833, 2 1000.055481
833, 3 999.999695
833, 4 999.999573
834, 1 990.098267
834, 2 1000.055481
834, 3 999.999695
834, 4 999.999573
835, 1 990.098267
835, 2 1000.055481
835, 3 999.999695
835, 4 999.999573
836, 1 990.098267
836, 2 1000.055481
836, 3 999.999695
836, 4 999.999573
837, 1 990.098267
837, 2 1000.055481
837, 3 999.999695
837, 4 999.999573
838, 1 990.098267
838, 2 1000.055481
838, 3 999.999695
838, 4 999.999573
839, 1 990.098267
839, 2 1000.055481
839, 3 999.999695
839, 4 999.999573
840, 1 990.098267
840, 2 1000.055481
840, 3 999.999695
840, 4 999.999573
841, 1 990.098267
841, 2 1000.055481
841, 3 999.999695
841, 4 999.999573
842, 1 990.098267
842, 2 1000.055481
842, 3 999.999695
842, 4 999.999573
843, 1 990.098267
843, 2 1000.055481
843, 3 999.999695
843, 4 999.999573
844, 1 990.098267
844, 2 1000.055481
844, 3 999.999695
844, 4 999.999573
845, 1 990.098267
845, 2 1000.055481
845, 3 999.999695
845, 4 999.999573
846, 1 990.098267
846, 2 1000.055481
846, 3 999.999695
846, 4 999.999573
847, 1 990.098267
847, 2 1000.055481
847, 3 999.999695
847, 4 999.999573
848, 1 990.098267
848, 2 1000.055481
848, 3 999.999695
848, 4 999.999573
849, 1 990.098267
849, 2 1000.055481
849, 3 999.999695
849, 4 999.999573
850, 1 990.098267
850, 2 1000.055481
850, 3 999.999695
850, 4 999.999573
851, 1 990.098267
851, 2 1000.055481
851, 3 999.999695
851, 4 999.999573
852, 1 990.098267
852, 2 1000.055481
852, 3 999.999695
852, 4 999.999573
853, 1 990.098267
853, 2 1000.055481
853, 3 999.999695
853, 4 999.999573
854, 1 990.098267
854, 2 1000.055481
854, 3 999.999695
854, 4 999.999573
855, 1 990.098267
855, 2 1000.055481
855, 3 999.999695
855, 4 999.999573
856, 1 990.098267
856, 2 1000.055481
856, 3 999.999695
856, 4 999.999573
857, 1 990.098267
857, 2 1000.055481
857, 3 999.999695
857, 4 999.999573
858, 1 990.098267
858, 2 1000.055481
858, 3 999.999695
858, 4 999.999573
859, 1 990.098267
859, 2 1000.055481
859, 3 999.999695
859, 4 999.999573
860, 1 990.098267
860, 2 1000.055481
860, 3 999.999695
860, 4 999.999573
861, 1 990.098267
861, 2 1000.055481
861, 3 999.999695
861, 4 999.999573
862, 1 990.098267
862, 2 1000.055481
862, 3 999.999695
862, 4 999.999573
863, 1 990.098267
863, 2 1000.055481
863, 3 999.999695
863, 4 999.999573
864, 1 990.098267
864, 2 1000.055481
864, 3 999.999695
864, 4 999.999573
865, 1 990.098267
865, 2 1000.055481
865, 3 999.999695
865, 4 999.999573
866, 1 990.098267
866, 2 1000.055481
866, 3 999.999695
866, 4 999.999573
867, 1 990.098267
867, 2 1000.055481
867, 3 999.999695
867, 4 999.999573
868, 1 990.098267
868, 2 1000.055481
868, 3 999.999695
868, 4 999.999573
869, 1 990.098267
869, 2 1000.055481
869, 3 999.999695
869, 4 999.999573
870, 1 990.098267
870, 2 1000.055481
870, 3 999.999695
870, 4 999.999573
871, 1 990.098267
871, 2 1000.055481
871, 3 999.999695
871, 4 999.999573
872, 1 990.098267
872, 2 1000.055481
872, 3 999.999695
872, 4 999.999573
873, 1 990.098267
873, 2 1000.055481
873, 3 999.999695
873, 4 999.999573
874, 1 990.098267
874, 2 1000.055481
874, 3 999.999695
874, 4 999.999573
875, 1 990.098267
875, 2 1000.055481
875, 3 999.999695
875, 4 999.999573
876, 1 990.098267
876, 2 1000.055481
876, 3 999.999695
876, 4 999.999573
877, 1 990.098267
877, 2 1000.055481
877, 3 999.999695
877, 4 999.999573
878, 1 990.098267
878, 2 1000.055481
878, 3 999.999695
878, 4 999.999573
879, 1 990.098267
879, 2 1000.055481
879, 3 999.999695
879, 4 999.999573
880, 1 990.098267
880, 2 1000.055481
880, 3 999.999695
880, 4 999.999573
881, 1 990.098267
881, 2 1000.055481
881, 3 999.999695
881, 4 999.999573
882, 1 990.098267
882, 2 1000.055481
882, 3 999.999695
882, 4 999.999573
883, 1 990.098267
883, 2 1000.055481
883, 3 999.999695
883, 4 999.999573
884, 1 990.098267
884, 2 1000.055481
884, 3 999.999695
884, 4 999.999573
885, 1 990.098267
885, 2 1000.055481
885, 3 999.999695
885, 4 999.999573
886, 1 990.098267
886, 2 1000.055481
886, 3 999.999695
886, 4 999.999573
887, 1 990.098267
887, 2 1000.055481
887, 3 999.999695
887, 4 999.999573
888, 1 990.098267
888, 2 1000.055481
888, 3 999.999695
888, 4 999.999573
889, 1 990.098267
889, 2 1000.055481
889, 3 999.999695
889, 4 999.999573
890, 1 990.098267
890, 2 1000.055481
890, 3 999.999695
890, 4 999.999573
891, 1 990.098267
891, 2 1000.055481
891, 3 999.999695
891, 4 999.999573
892, 1 990.098267
892, 2 1000.055481
892, 3 999.999695
892, 4 999.999573
893, 1 990.098267
893, 2 1000.055481
893, 3 999.999695
893, 4 999.999573
894, 1 990.098267
894, 2 1000.055481
894, 3 999.999695
894, 4 999.999573
895, 1 990.098267
895, 2 1000.055481
895, 3 999.999695
895, 4 999.999573
896, 1 990.098267
896, 2 1000.055481
896, 3 999.999695
896, 4 999.999573
897, 1 990.098267
897, 2 1000.055481
897, 3 999.999695
897, 4 999.999573
898, 1 990.098267
898, 2 1000.055481
898, 3 999.999695
898, 4 999.999573
899, 1 990.098267
899, 2 1000.055481
899, 3 999.999695
899, 4 999.999573
900, 1 990.098267
900, 2 1000.055481
900, 3 999.999695
900, 4 999.999573
901, 1 990.098267
901, 2 1000.055481
901, 3 999.999695
901, 4 999.999573
902, 1 990.098267
902, 2 1000.055481
902, 3 999.999695
902, 4 999.999573
903, 1 990.098267
903, 2 1000.055481
903, 3 999.999695
903, 4 999.999573
904, 1 990.098267
904, 2 1000.055481
904, 3 999.999695
904, 4 999.999573
905, 1 990.098267
905, 2 1000.055481
905, 3 999.999695
905, 4 999.999573
906, 1 990.098267
906, 2 1000.055481
906, 3 999.999695
906, 4 999.999573
907, 1 990.098267
907, 2 1000.055481
907, 3 999.999695
907, 4 999.999573
908, 1 990.098267
908, 2 1000.055481
908, 3 999.999695
908, 4 999.999573
909, 1 990.098267
909, 2 1000.055481
909, 3 999.999695
909, 4 999.999573
910, 1 990.098267
910, 2 1000.055481
910, 3 999.999695
910, 4 999.999573
911, 1 990.098267
911, 2 1000.055481
911, 3 999.999695
911, 4 999.999573
912, 1 990.098267
912, 2 1000.055481
912, 3 999.999695
912, 4 999.999573
913, 1 990.098267
913, 2 1000.055481
913, 3 999.999695
913, 4 999.999573
914, 1 990.098267
914, 2 1000.055481
914, 3 999.999695
914, 4 999.999573
915, 1 990.098267
915, 2 1000.055481
915, 3 999.999695
915, 4 999.999573
916, 1 990.098267
916, 2 1000.055481
916, 3 999.999695
916, 4 999.999573
917, 1 990.098267
917, 2 1000.055481
917, 3 999.999695
917, 4 999.999573
918, 1 990.098267
918, 2 1000.055481
918, 3 999.999695
918, 4 999.999573
919, 1 990.098267
919, 2 1000.055481
919, 3 999.999695
919, 4 999.999573
920, 1 990.098267
920, 2 1000.055481
920, 3 999.999695
920, 4 999.999573
921, 1 990.098267
921, 2 1000.055481
921, 3 999.999695
921, 4 999.999573
922, 1 990.098267
922, 2 1000.055481
922, 3 999.999695
922, 4 999.999573
923, 1 990.098267
923, 2 1000.055481
923, 3 999.999695
923, 4 999.999573
924, 1 990.098267
924, 2 1000.055481
924, 3 999.999695
924, 4 999.999573
925, 1 990.098267
925, 2 1000.055481
925, 3 999.999695
925, 4 999.999573
926, 1 990.098267
926, 2 1000.055481
926, 3 999.999695
926, 4 999.999573
927, 1 990.098267
927, 2 1000.055481
927, 3 999.999695
927, 4 999.999573
928, 1 990.098267
928, 2 1000.055481
928, 3 999.999695
928, 4 999.999573
929, 1 990.098267
929, 2 1000.055481
929, 3 999.999695
929, 4 999.999573
930, 1 990.098267
930, 2 1000.055481
930, 3 999.999695
930, 4 999.999573
931, 1 990.098267
931, 2 1000.055481
931, 3 999.999695
931, 4 999.999573
932, 1 990.098267
932, 2 1000.055481
932, 3 999.999695
932, 4 999.999573
933, 1 990.098267
933, 2 1000.055481
933, 3 999.999695
933, 4 999.999573
934, 1 990.098267
934, 2 1000.055481
934, 3 999.999695
934, 4 999.999573
935, 1 990.098267
935, 2 1000.055481
935, 3 999.999695
935, 4 999.999573
936, 1 990.098267
936, 2 1000.055481
936, 3 999.999695
936, 4 999.999573
937, 1 990.098267
937, 2 1000.055481
937, 3 999.999695
937, 4 999.999573
938, 1 990.098267
938, 2 1000.055481
938, 3 999.999695
938, 4 999.999573
939, 1 990.098267
939, 2 1000.055481
939, 3 999.999695
939, 4 999.999573
940, 1 990.098267
940, 2 1000.055481
940, 3 999.999695
940, 4 999.999573
941, 1 990.098267
941, 2 1000.055481
941, 3 999.999695
941, 4 999.999573
942, 1 990.098267
942, 2 1000.055481
942, 3 999.999695
942, 4 999.999573
943, 1 990.098267
943, 2 1000.055481
943, 3 999.999695
943, 4 999.999573
944, 1 990.098267
944, 2 1000.055481
944, 3 999.999695
944, 4 999.999573
945, 1 990.098267
945, 2 1000.055481
945, 3 999.999695
945, 4 999.999573
946, 1 990.098267
946, 2 1000.055481
946, 3 999.999695
946, 4 999.999573
947, 1 990.098267
947, 2 1000.055481
947, 3 999.999695
947, 4 999.999573
948, 1 990.098267
948, 2 1000.055481
948, 3 999.999695
948, 4 999.999573
949, 1 990.098267
949, 2 1000.055481
949, 3 999.999695
949, 4 999.999573
950, 1 990.098267
950, 2 1000.055481
950, 3 999.999695
950, 4 999.999573
951, 1 990.098267
951, 2 1000.055481
951, 3 999.999695
951, 4 999.999573
952, 1 990.098267
952, 2 1000.055481
952, 3 999.999695
952, 4 999.999573
953, 1 990.098267
953, 2 1000.055481
953, 3 999.999695
953, 4 999.999573
954, 1 990.098267
954, 2 1000.055481
954, 3 999.999695
954, 4 999.999573
955, 1 990.098267
955, 2 1000.055481
955, 3 999.999695
955, 4 999.999573
956, 1 990.098267
956, 2 1000.055481
956, 3 999.999695
956, 4 999.999573
957, 1 990.098267
957, 2 1000.055481
957, 3 999.999695
957, 4 999.999573
958, 1 990.098267
958, 2 1000.055481
958, 3 999.999695
958, 4 999.999573
959, 1 990.098267
959, 2 1000.055481
959, 3 999.999695
959, 4 999.999573
960, 1 990.098267
960, 2 1000.055481
960, 3 999.999695
960, 4 999.999573
961, 1 990.098267
961, 2 1000.055481
961, 3 999.999695
961, 4 999.999573
962, 1 990.098267
962, 2 1000.055481
962, 3 999.999695
962, 4 999.999573
963, 1 990.098267
963, 2 1000.055481
963, 3 999.999695
963, 4 999.999573
964, 1 990.098267
964, 2 1000.055481
964, 3 999.999695
964, 4 999.999573
965, 1 990.098267
965, 2 1000.055481
965, 3 999.999695
965, 4 999.999573
966, 1 990.098267
966, 2 1000.055481
966, 3 999.999695
966, 4 999.999573
967, 1 990.098267
967, 2 1000.055481
967, 3 999.999695
967, 4 999.999573
968, 1 990.098267
968, 2 1000.055481
968, 3 999.999695
968, 4 999.999573
969, 1 990.098267
969, 2 1000.055481
969, 3 999.999695
969, 4 999.999573
970, 1 990.098267
970, 2 1000.055481
970, 3 999.999695
970, 4 999.999573
971, 1 990.098267
971, 2 1000.055481
971, 3 999.999695
971, 4 999.999573
972, 1 990.098267
972, 2 1000.055481
972, 3 999.999695
972, 4 999.999573
973, 1 990.098267
973, 2 1000.055481
973, 3 999.999695
973, 4 999.999573
974, 1 990.098267
974, 2 1000.055481
974, 3 999.999695
974, 4 999.999573
975, 1 990.098267
975, 2 1000.055481
975, 3 999.999695
975, 4 999.999573
976, 1 990.098267
976, 2 1000.055481
976, 3 999.999695
976, 4 999.999573
977, 1 990.098267
977, 2 1000.055481
977, 3 999.999695
977, 4 999.999573
978, 1 990.098267
978, 2 1000.055481
978, 3 999.999695
978, 4 999.999573
979, 1 990.098267
979, 2 1000.055481
979, 3 999.999695
979, 4 999.999573
980, 1 990.098267
980, 2 1000.055481
980, 3 999.999695
980, 4 999.999573
981, 1 990.098267
981, 2 1000.055481
981, 3 999.999695
981, 4 999.999573
982, 1 990.098267
982, 2 1000.055481
982, 3 999.999695
982, 4 999.999573
983, 1 990.098267
983, 2 1000.055481
983, 3 999.999695
983, 4 999.999573
984, 1 990.098267
984, 2 1000.055481
984, 3 999.999695
984, 4 999.999573
985, 1 990.098267
985, 2 1000.055481
985, 3 999.999695
985, 4 999.999573
986, 1 990.098267
986, 2 1000.055481
986, 3 999.999695
986, 4 999.999573
987, 1 990.098267
987, 2 1000.055481
987, 3 999.999695
987, 4 999.999573
988, 1 990.098267
988, 2 1000.055481
988, 3 999.999695
988, 4 999.999573
989, 1 990.098267
989, 2 1000.055481
989, 3 999.999695
989, 4 999.999573
990, 1 990.098267
990, 2 1000.055481
990, 3 999.999695
990, 4 999.999573
991, 1 990.098267
991, 2 1000.055481
991, 3 999.999695
991, 4 999.999573
992, 1 990.098267
992, 2 1000.055481
992, 3 999.999695
992, 4 999.999573
993, 1 990.098267
993, 2 1000.055481
993, 3 999.999695
993, 4 999.999573
994, 1 990.098267
994, 2 1000.055481
994, 3 999.999695
994, 4 999.999573
995, 1 990.098267
995, 2 1000.055481
995, 3 999.999695
995, 4 999.999573
996, 1 990.098267
996, 2 1000.055481
996, 3 999.999695
996, 4 999.999573
997, 1 990.098267
997, 2 1000.055481
997, 3 999.999695
997, 4 999.999573
998, 1 990.098267
998, 2 1000.055481
998, 3 999.999695
998, 4 999.999573
999, 1 990.098267
999, 2 1000.055481
999, 3 999.999695
999, 4 999.999573
