1.000000 206.122437
2.000000 213.188568
3.000000 221.392960
4.000000 230.982941
5.000000 242.276230
6.000000 255.684830
7.000000 271.747437
8.000000 291.171844
9.000000 314.886078
10.000000 344.088928
11.000000 380.265839
12.000000 425.083954
13.000000 479.995087
14.000000 545.343811
15.000000 619.090271
16.000000 696.106689
17.000000 769.373535
18.000000 832.764893
19.000000 883.191101
20.000000 920.703125
21.000000 947.257568
22.000000 965.410156
23.000000 977.528687
24.000000 985.492126
25.000000 990.671631
26.000000 994.017700
27.000000 996.169983
28.000000 997.550598
29.000000 998.434631
30.000000 999.000061
31.000000 999.361511
32.000000 999.592529
33.000000 999.739868
34.000000 999.833984
35.000000 999.893921
36.000000 999.932251
37.000000 999.956665
38.000000 999.972229
39.000000 999.982300
40.000000 999.988586
41.000000 999.992737
42.000000 999.995300
43.000000 999.997070
44.000000 999.998291
45.000000 999.998962
46.000000 999.999451
47.000000 999.999756
48.000000 999.999756
49.000000 999.999756
50.000000 999.999756
51.000000 999.999756
52.000000 999.999756
53.000000 999.999756
54.000000 999.999756
55.000000 999.999756
56.000000 999.999756
57.000000 999.999756
58.000000 999.999756
59.000000 999.999756
60.000000 999.999756
61.000000 999.999756
62.000000 999.999756
63.000000 999.999756
64.000000 999.999756
65.000000 999.999756
66.000000 999.999756
67.000000 999.999756
68.000000 999.999756
69.000000 999.999756
70.000000 999.999756
71.000000 999.999756
72.000000 999.999756
73.000000 999.999756
74.000000 999.999756
75.000000 999.999756
76.000000 999.999756
77.000000 999.999756
78.000000 999.999756
79.000000 999.999756
80.000000 999.999756
81.000000 999.999756
82.000000 999.999756
83.000000 999.999756
84.000000 999.999756
85.000000 999.999756
86.000000 999.999756
87.000000 999.999756
88.000000 999.999756
89.000000 999.999756
90.000000 999.999756
91.000000 999.999756
92.000000 999.999756
93.000000 999.999756
94.000000 999.999756
95.000000 999.999756
96.000000 999.999756
97.000000 999.999756
98.000000 999.999756
99.000000 999.999756
100.000000 999.999756
101.000000 999.999756
102.000000 999.999756
103.000000 999.999756
104.000000 999.999756
105.000000 999.999756
106.000000 999.999756
107.000000 999.999756
108.000000 999.999756
109.000000 999.999756
110.000000 999.999756
111.000000 999.999756
112.000000 999.999756
113.000000 999.999756
114.000000 999.999756
115.000000 999.999756
116.000000 999.999756
117.000000 999.999756
118.000000 999.999756
119.000000 999.999756
120.000000 999.999756
121.000000 999.999756
122.000000 999.999756
123.000000 999.999756
124.000000 999.999756
125.000000 999.999756
126.000000 999.999756
127.000000 999.999756
128.000000 999.999756
129.000000 999.999756
130.000000 999.999756
131.000000 999.999756
132.000000 999.999756
133.000000 999.999756
134.000000 999.999756
135.000000 999.999756
136.000000 999.999756
137.000000 999.999756
138.000000 999.999756
139.000000 999.999756
140.000000 999.999756
141.000000 999.999756
142.000000 999.999756
143.000000 999.999756
144.000000 999.999756
145.000000 999.999756
146.000000 999.999756
147.000000 999.999756
148.000000 999.999756
149.000000 999.999756
150.000000 999.999756
151.000000 999.999756
152.000000 999.999756
153.000000 999.999756
154.000000 999.999756
155.000000 999.999756
156.000000 999.999756
157.000000 999.999756
158.000000 999.999756
159.000000 999.999756
160.000000 999.999756
161.000000 999.999756
162.000000 999.999756
163.000000 999.999756
164.000000 999.999756
165.000000 999.999756
166.000000 999.999756
167.000000 999.999756
168.000000 999.999756
169.000000 999.999756
170.000000 999.999756
171.000000 999.999756
172.000000 999.999756
173.000000 999.999756
174.000000 999.999756
175.000000 999.999756
176.000000 999.999756
177.000000 999.999756
178.000000 999.999756
179.000000 999.999756
180.000000 999.999756
181.000000 999.999756
182.000000 999.999756
183.000000 999.999756
184.000000 999.999756
185.000000 999.999756
186.000000 999.999756
187.000000 999.999756
188.000000 999.999756
189.000000 999.999756
190.000000 999.999756
191.000000 999.999756
192.000000 999.999756
193.000000 999.999756
194.000000 999.999756
195.000000 999.999756
196.000000 999.999756
197.000000 999.999756
198.000000 999.999756
199.000000 999.999756
200.000000 999.999756
201.000000 999.999756
202.000000 999.999756
203.000000 999.999756
204.000000 999.999756
205.000000 999.999756
206.000000 999.999756
207.000000 999.999756
208.000000 999.999756
209.000000 999.999756
210.000000 999.999756
211.000000 999.999756
212.000000 999.999756
213.000000 999.999756
214.000000 999.999756
215.000000 999.999756
216.000000 999.999756
217.000000 999.999756
218.000000 999.999756
219.000000 999.999756
220.000000 999.999756
221.000000 999.999756
222.000000 999.999756
223.000000 999.999756
224.000000 999.999756
225.000000 999.999756
226.000000 999.999756
227.000000 999.999756
228.000000 999.999756
229.000000 999.999756
230.000000 999.999756
231.000000 999.999756
232.000000 999.999756
233.000000 999.999756
234.000000 999.999756
235.000000 999.999756
236.000000 999.999756
237.000000 999.999756
238.000000 999.999756
239.000000 999.999756
240.000000 999.999756
241.000000 999.999756
242.000000 999.999756
243.000000 999.999756
244.000000 999.999756
245.000000 999.999756
246.000000 999.999756
247.000000 999.999756
248.000000 999.999756
249.000000 999.999756
250.000000 999.999756
251.000000 999.999756
252.000000 999.999756
253.000000 999.999756
254.000000 999.999756
255.000000 999.999756
256.000000 999.999756
257.000000 999.999756
258.000000 999.999756
259.000000 999.999756
260.000000 999.999756
261.000000 999.999756
262.000000 999.999756
263.000000 999.999756
264.000000 999.999756
265.000000 999.999756
266.000000 999.999756
267.000000 999.999756
268.000000 999.999756
269.000000 999.999756
270.000000 999.999756
271.000000 999.999756
272.000000 999.999756
273.000000 999.999756
274.000000 999.999756
275.000000 999.999756
276.000000 999.999756
277.000000 999.999756
278.000000 999.999756
279.000000 999.999756
280.000000 999.999756
281.000000 999.999756
282.000000 999.999756
283.000000 999.999756
284.000000 999.999756
285.000000 999.999756
286.000000 999.999756
287.000000 999.999756
288.000000 999.999756
289.000000 999.999756
290.000000 999.999756
291.000000 999.999756
292.000000 999.999756
293.000000 999.999756
294.000000 999.999756
295.000000 999.999756
296.000000 999.999756
297.000000 999.999756
298.000000 999.999756
299.000000 999.999756
300.000000 999.999756
301.000000 999.999756
302.000000 999.999756
303.000000 999.999756
304.000000 999.999756
305.000000 999.999756
306.000000 999.999756
307.000000 999.999756
308.000000 999.999756
309.000000 999.999756
310.000000 999.999756
311.000000 999.999756
312.000000 999.999756
313.000000 999.999756
314.000000 999.999756
315.000000 999.999756
316.000000 999.999756
317.000000 999.999756
318.000000 999.999756
319.000000 999.999756
320.000000 999.999756
321.000000 999.999756
322.000000 999.999756
323.000000 999.999756
324.000000 999.999756
325.000000 999.999756
326.000000 999.999756
327.000000 999.999756
328.000000 999.999756
329.000000 999.999756
330.000000 999.999756
331.000000 999.999756
332.000000 999.999756
333.000000 999.999756
334.000000 999.999756
335.000000 999.999756
336.000000 999.999756
337.000000 999.999756
338.000000 999.999756
339.000000 999.999756
340.000000 999.999756
341.000000 999.999756
342.000000 999.999756
343.000000 999.999756
344.000000 999.999756
345.000000 999.999756
346.000000 999.999756
347.000000 999.999756
348.000000 999.999756
349.000000 999.999756
350.000000 999.999756
351.000000 999.999756
352.000000 999.999756
353.000000 999.999756
354.000000 999.999756
355.000000 999.999756
356.000000 999.999756
357.000000 999.999756
358.000000 999.999756
359.000000 999.999756
360.000000 999.999756
361.000000 999.999756
362.000000 999.999756
363.000000 999.999756
364.000000 999.999756
365.000000 999.999756
366.000000 999.999756
367.000000 999.999756
368.000000 999.999756
369.000000 999.999756
370.000000 999.999756
371.000000 999.999756
372.000000 999.999756
373.000000 999.999756
374.000000 999.999756
375.000000 999.999756
376.000000 999.999756
377.000000 999.999756
378.000000 999.999756
379.000000 999.999756
380.000000 999.999756
381.000000 999.999756
382.000000 999.999756
383.000000 999.999756
384.000000 999.999756
385.000000 999.999756
386.000000 999.999756
387.000000 999.999756
388.000000 999.999756
389.000000 999.999756
390.000000 999.999756
391.000000 999.999756
392.000000 999.999756
393.000000 999.999756
394.000000 999.999756
395.000000 999.999756
396.000000 999.999756
397.000000 999.999756
398.000000 999.999756
399.000000 999.999756
400.000000 999.999756
401.000000 999.999756
402.000000 999.999756
403.000000 999.999756
404.000000 999.999756
405.000000 999.999756
406.000000 999.999756
407.000000 999.999756
408.000000 999.999756
409.000000 999.999756
410.000000 999.999756
411.000000 999.999756
412.000000 999.999756
413.000000 999.999756
414.000000 999.999756
415.000000 999.999756
416.000000 999.999756
417.000000 999.999756
418.000000 999.999756
419.000000 999.999756
420.000000 999.999756
421.000000 999.999756
422.000000 999.999756
423.000000 999.999756
424.000000 999.999756
425.000000 999.999756
426.000000 999.999756
427.000000 999.999756
428.000000 999.999756
429.000000 999.999756
430.000000 999.999756
431.000000 999.999756
432.000000 999.999756
433.000000 999.999756
434.000000 999.999756
435.000000 999.999756
436.000000 999.999756
437.000000 999.999756
438.000000 999.999756
439.000000 999.999756
440.000000 999.999756
441.000000 999.999756
442.000000 999.999756
443.000000 999.999756
444.000000 999.999756
445.000000 999.999756
446.000000 999.999756
447.000000 999.999756
448.000000 999.999756
449.000000 999.999756
450.000000 999.999756
451.000000 999.999756
452.000000 999.999756
453.000000 999.999756
454.000000 999.999756
455.000000 999.999756
456.000000 999.999756
457.000000 999.999756
458.000000 999.999756
459.000000 999.999756
460.000000 999.999756
461.000000 999.999756
462.000000 999.999756
463.000000 999.999756
464.000000 999.999756
465.000000 999.999756
466.000000 999.999756
467.000000 999.999756
468.000000 999.999756
469.000000 999.999756
470.000000 999.999756
471.000000 999.999756
472.000000 999.999756
473.000000 999.999756
474.000000 999.999756
475.000000 999.999756
476.000000 999.999756
477.000000 999.999756
478.000000 999.999756
479.000000 999.999756
480.000000 999.999756
481.000000 999.999756
482.000000 999.999756
483.000000 999.999756
484.000000 999.999756
485.000000 999.999756
486.000000 999.999756
487.000000 999.999756
488.000000 999.999756
489.000000 999.999756
490.000000 999.999756
491.000000 999.999756
492.000000 999.999756
493.000000 999.999756
494.000000 999.999756
495.000000 999.999756
496.000000 999.999756
497.000000 999.999756
498.000000 999.999756
499.000000 999.999756
500.000000 999.999756
501.000000 999.999756
502.000000 999.999756
503.000000 999.999756
504.000000 999.999756
505.000000 999.999756
506.000000 999.999756
507.000000 999.999756
508.000000 999.999756
509.000000 999.999756
510.000000 999.999756
511.000000 999.999756
512.000000 999.999756
513.000000 999.999756
514.000000 999.999756
515.000000 999.999756
516.000000 999.999756
517.000000 999.999756
518.000000 999.999756
519.000000 999.999756
520.000000 999.999756
521.000000 999.999756
522.000000 999.999756
523.000000 999.999756
524.000000 999.999756
525.000000 999.999756
526.000000 999.999756
527.000000 999.999756
528.000000 999.999756
529.000000 999.999756
530.000000 999.999756
531.000000 999.999756
532.000000 999.999756
533.000000 999.999756
534.000000 999.999756
535.000000 999.999756
536.000000 999.999756
537.000000 999.999756
538.000000 999.999756
539.000000 999.999756
540.000000 999.999756
541.000000 999.999756
542.000000 999.999756
543.000000 999.999756
544.000000 999.999756
545.000000 999.999756
546.000000 999.999756
547.000000 999.999756
548.000000 999.999756
549.000000 999.999756
550.000000 999.999756
551.000000 999.999756
552.000000 999.999756
553.000000 999.999756
554.000000 999.999756
555.000000 999.999756
556.000000 999.999756
557.000000 999.999756
558.000000 999.999756
559.000000 999.999756
560.000000 999.999756
561.000000 999.999756
562.000000 999.999756
563.000000 999.999756
564.000000 999.999756
565.000000 999.999756
566.000000 999.999756
567.000000 999.999756
568.000000 999.999756
569.000000 999.999756
570.000000 999.999756
571.000000 999.999756
572.000000 999.999756
573.000000 999.999756
574.000000 999.999756
575.000000 999.999756
576.000000 999.999756
577.000000 999.999756
578.000000 999.999756
579.000000 999.999756
580.000000 999.999756
581.000000 999.999756
582.000000 999.999756
583.000000 999.999756
584.000000 999.999756
585.000000 999.999756
586.000000 999.999756
587.000000 999.999756
588.000000 999.999756
589.000000 999.999756
590.000000 999.999756
591.000000 999.999756
592.000000 999.999756
593.000000 999.999756
594.000000 999.999756
595.000000 999.999756
596.000000 999.999756
597.000000 999.999756
598.000000 999.999756
599.000000 999.999756
600.000000 999.999756
601.000000 999.999756
602.000000 999.999756
603.000000 999.999756
604.000000 999.999756
605.000000 999.999756
606.000000 999.999756
607.000000 999.999756
608.000000 999.999756
609.000000 999.999756
610.000000 999.999756
611.000000 999.999756
612.000000 999.999756
613.000000 999.999756
614.000000 999.999756
615.000000 999.999756
616.000000 999.999756
617.000000 999.999756
618.000000 999.999756
619.000000 999.999756
620.000000 999.999756
621.000000 999.999756
622.000000 999.999756
623.000000 999.999756
624.000000 999.999756
625.000000 999.999756
626.000000 999.999756
627.000000 999.999756
628.000000 999.999756
629.000000 999.999756
630.000000 999.999756
631.000000 999.999756
632.000000 999.999756
633.000000 999.999756
634.000000 999.999756
635.000000 999.999756
636.000000 999.999756
637.000000 999.999756
638.000000 999.999756
639.000000 999.999756
640.000000 999.999756
641.000000 999.999756
642.000000 999.999756
643.000000 999.999756
644.000000 999.999756
645.000000 999.999756
646.000000 999.999756
647.000000 999.999756
648.000000 999.999756
649.000000 999.999756
650.000000 999.999756
651.000000 999.999756
652.000000 999.999756
653.000000 999.999756
654.000000 999.999756
655.000000 999.999756
656.000000 999.999756
657.000000 999.999756
658.000000 999.999756
659.000000 999.999756
660.000000 999.999756
661.000000 999.999756
662.000000 999.999756
663.000000 999.999756
664.000000 999.999756
665.000000 999.999756
666.000000 999.999756
667.000000 999.999756
668.000000 999.999756
669.000000 999.999756
670.000000 999.999756
671.000000 999.999756
672.000000 999.999756
673.000000 999.999756
674.000000 999.999756
675.000000 999.999756
676.000000 999.999756
677.000000 999.999756
678.000000 999.999756
679.000000 999.999756
680.000000 999.999756
681.000000 999.999756
682.000000 999.999756
683.000000 999.999756
684.000000 999.999756
685.000000 999.999756
686.000000 999.999756
687.000000 999.999756
688.000000 999.999756
689.000000 999.999756
690.000000 999.999756
691.000000 999.999756
692.000000 999.999756
693.000000 999.999756
694.000000 999.999756
695.000000 999.999756
696.000000 999.999756
697.000000 999.999756
698.000000 999.999756
699.000000 999.999756
700.000000 999.999756
701.000000 999.999756
702.000000 999.999756
703.000000 999.999756
704.000000 999.999756
705.000000 999.999756
706.000000 999.999756
707.000000 999.999756
708.000000 999.999756
709.000000 999.999756
710.000000 999.999756
711.000000 999.999756
712.000000 999.999756
713.000000 999.999756
714.000000 999.999756
715.000000 999.999756
716.000000 999.999756
717.000000 999.999756
718.000000 999.999756
719.000000 999.999756
720.000000 999.999756
721.000000 999.999756
722.000000 999.999756
723.000000 999.999756
724.000000 999.999756
725.000000 999.999756
726.000000 999.999756
727.000000 999.999756
728.000000 999.999756
729.000000 999.999756
730.000000 999.999756
731.000000 999.999756
732.000000 999.999756
733.000000 999.999756
734.000000 999.999756
735.000000 999.999756
736.000000 999.999756
737.000000 999.999756
738.000000 999.999756
739.000000 999.999756
740.000000 999.999756
741.000000 999.999756
742.000000 999.999756
743.000000 999.999756
744.000000 999.999756
745.000000 999.999756
746.000000 999.999756
747.000000 999.999756
748.000000 999.999756
749.000000 999.999756
750.000000 999.999756
751.000000 999.999756
752.000000 999.999756
753.000000 999.999756
754.000000 999.999756
755.000000 999.999756
756.000000 999.999756
757.000000 999.999756
758.000000 999.999756
759.000000 999.999756
760.000000 999.999756
761.000000 999.999756
762.000000 999.999756
763.000000 999.999756
764.000000 999.999756
765.000000 999.999756
766.000000 999.999756
767.000000 999.999756
768.000000 999.999756
769.000000 999.999756
770.000000 999.999756
771.000000 999.999756
772.000000 999.999756
773.000000 999.999756
774.000000 999.999756
775.000000 999.999756
776.000000 999.999756
777.000000 999.999756
778.000000 999.999756
779.000000 999.999756
780.000000 999.999756
781.000000 999.999756
782.000000 999.999756
783.000000 999.999756
784.000000 999.999756
785.000000 999.999756
786.000000 999.999756
787.000000 999.999756
788.000000 999.999756
789.000000 999.999756
790.000000 999.999756
791.000000 999.999756
792.000000 999.999756
793.000000 999.999756
794.000000 999.999756
795.000000 999.999756
796.000000 999.999756
797.000000 999.999756
798.000000 999.999756
799.000000 999.999756
800.000000 999.999756
801.000000 999.999756
802.000000 999.999756
803.000000 999.999756
804.000000 999.999756
805.000000 999.999756
806.000000 999.999756
807.000000 999.999756
808.000000 999.999756
809.000000 999.999756
810.000000 999.999756
811.000000 999.999756
812.000000 999.999756
813.000000 999.999756
814.000000 999.999756
815.000000 999.999756
816.000000 999.999756
817.000000 999.999756
818.000000 999.999756
819.000000 999.999756
820.000000 999.999756
821.000000 999.999756
822.000000 999.999756
823.000000 999.999756
824.000000 999.999756
825.000000 999.999756
826.000000 999.999756
827.000000 999.999756
828.000000 999.999756
829.000000 999.999756
830.000000 999.999756
831.000000 999.999756
832.000000 999.999756
833.000000 999.999756
834.000000 999.999756
835.000000 999.999756
836.000000 999.999756
837.000000 999.999756
838.000000 999.999756
839.000000 999.999756
840.000000 999.999756
841.000000 999.999756
842.000000 999.999756
843.000000 999.999756
844.000000 999.999756
845.000000 999.999756
846.000000 999.999756
847.000000 999.999756
848.000000 999.999756
849.000000 999.999756
850.000000 999.999756
851.000000 999.999756
852.000000 999.999756
853.000000 999.999756
854.000000 999.999756
855.000000 999.999756
856.000000 999.999756
857.000000 999.999756
858.000000 999.999756
859.000000 999.999756
860.000000 999.999756
861.000000 999.999756
862.000000 999.999756
863.000000 999.999756
864.000000 999.999756
865.000000 999.999756
866.000000 999.999756
867.000000 999.999756
868.000000 999.999756
869.000000 999.999756
870.000000 999.999756
871.000000 999.999756
872.000000 999.999756
873.000000 999.999756
874.000000 999.999756
875.000000 999.999756
876.000000 999.999756
877.000000 999.999756
878.000000 999.999756
879.000000 999.999756
880.000000 999.999756
881.000000 999.999756
882.000000 999.999756
883.000000 999.999756
884.000000 999.999756
885.000000 999.999756
886.000000 999.999756
887.000000 999.999756
888.000000 999.999756
889.000000 999.999756
890.000000 999.999756
891.000000 999.999756
892.000000 999.999756
893.000000 999.999756
894.000000 999.999756
895.000000 999.999756
896.000000 999.999756
897.000000 999.999756
898.000000 999.999756
899.000000 999.999756
900.000000 999.999756
901.000000 999.999756
902.000000 999.999756
903.000000 999.999756
904.000000 999.999756
905.000000 999.999756
906.000000 999.999756
907.000000 999.999756
908.000000 999.999756
909.000000 999.999756
910.000000 999.999756
911.000000 999.999756
912.000000 999.999756
913.000000 999.999756
914.000000 999.999756
915.000000 999.999756
916.000000 999.999756
917.000000 999.999756
918.000000 999.999756
919.000000 999.999756
920.000000 999.999756
921.000000 999.999756
922.000000 999.999756
923.000000 999.999756
924.000000 999.999756
925.000000 999.999756
926.000000 999.999756
927.000000 999.999756
928.000000 999.999756
929.000000 999.999756
930.000000 999.999756
931.000000 999.999756
932.000000 999.999756
933.000000 999.999756
934.000000 999.999756
935.000000 999.999756
936.000000 999.999756
937.000000 999.999756
938.000000 999.999756
939.000000 999.999756
940.000000 999.999756
941.000000 999.999756
942.000000 999.999756
943.000000 999.999756
944.000000 999.999756
945.000000 999.999756
946.000000 999.999756
947.000000 999.999756
948.000000 999.999756
949.000000 999.999756
950.000000 999.999756
951.000000 999.999756
952.000000 999.999756
953.000000 999.999756
954.000000 999.999756
955.000000 999.999756
956.000000 999.999756
957.000000 999.999756
958.000000 999.999756
959.000000 999.999756
960.000000 999.999756
961.000000 999.999756
962.000000 999.999756
963.000000 999.999756
964.000000 999.999756
965.000000 999.999756
966.000000 999.999756
967.000000 999.999756
968.000000 999.999756
969.000000 999.999756
970.000000 999.999756
971.000000 999.999756
972.000000 999.999756
973.000000 999.999756
974.000000 999.999756
975.000000 999.999756
976.000000 999.999756
977.000000 999.999756
978.000000 999.999756
979.000000 999.999756
980.000000 999.999756
981.000000 999.999756
982.000000 999.999756
983.000000 999.999756
984.000000 999.999756
985.000000 999.999756
986.000000 999.999756
987.000000 999.999756
988.000000 999.999756
989.000000 999.999756
990.000000 999.999756
991.000000 999.999756
992.000000 999.999756
993.000000 999.999756
994.000000 999.999756
995.000000 999.999756
996.000000 999.999756
997.000000 999.999756
998.000000 999.999756
999.000000 999.999756
0.100000 30.059000
0.200000 30.118813
0.300000 30.179449
0.400000 30.240929
0.500000 30.303263
0.600000 30.366467
0.700000 30.430555
0.800000 30.495548
0.900000 30.561459
1.000000 30.628302
1.100000 30.696095
1.200000 30.764854
1.300000 30.834599
1.400000 30.905346
1.500000 30.977114
1.600000 31.049921
1.700000 31.123787
1.800000 31.198729
1.900000 31.274771
2.000000 31.351931
2.100000 31.430229
2.200000 31.509691
2.300000 31.590336
2.400000 31.672188
2.500000 31.755268
2.600000 31.839603
2.700000 31.925217
2.800000 32.012131
2.900000 32.100372
3.000000 32.189972
3.100000 32.280952
3.200000 32.373341
3.300000 32.467167
3.400000 32.562458
3.500000 32.659245
3.600000 32.757561
3.700000 32.857441
3.800000 32.958908
3.900000 33.062000
4.000000 33.166756
4.100000 33.273205
4.200000 33.381382
4.300000 33.491325
4.400000 33.603077
4.500000 33.716675
4.600000 33.832153
4.700000 33.949562
4.800000 34.068939
4.900000 34.190331
5.000000 34.313778
5.100000 34.439335
5.200000 34.567043
5.300000 34.696957
5.400000 34.829124
5.500000 34.963596
5.600000 35.100430
5.700000 35.239681
5.800000 35.381409
5.900000 35.525665
6.000000 35.672520
6.100000 35.822029
6.200000 35.974266
6.300000 36.129292
6.400000 36.287178
6.500000 36.447998
6.600000 36.611824
6.700000 36.778736
6.800000 36.948811
6.900000 37.122128
7.000000 37.298771
7.100000 37.478836
7.200000 37.662411
7.300000 37.849590
7.400000 38.040470
7.500000 38.235149
7.600000 38.433735
7.700000 38.636333
7.800000 38.843060
7.900000 39.054031
8.000000 39.269371
8.100000 39.489201
8.200000 39.713650
8.300000 39.942860
8.400001 40.176964
8.500000 40.416115
8.600000 40.660461
8.700000 40.910168
8.800000 41.165394
8.900001 41.426308
9.000000 41.693096
9.100000 41.965942
9.200000 42.245041
9.300000 42.530590
9.400001 42.822807
9.500000 43.121910
9.600000 43.428127
9.700000 43.741703
9.800000 44.062885
9.900001 44.391937
10.000000 44.729134
10.100000 45.074764
10.200000 45.429131
10.300000 45.792549
10.400001 46.165348
10.500000 46.547878
10.600000 46.940498
10.700000 47.343597
10.800000 47.757576
10.900001 48.182854
11.000000 48.619877
11.100000 49.069115
11.200000 49.531063
11.300000 50.006237
11.400001 50.495190
11.500000 50.998493
11.600000 51.516766
11.700000 52.050652
11.800000 52.600838
11.900001 53.168045
12.000000 53.753036
12.100000 54.356632
12.200000 54.979694
12.300000 55.623138
12.400001 56.287941
12.500000 56.975136
12.600000 57.685833
12.700000 58.421207
12.800000 59.182518
12.900001 59.971111
13.000000 60.788425
13.100000 61.635990
13.200000 62.515461
13.300000 63.428608
13.400001 64.377335
13.500000 65.363678
13.600000 66.389854
13.700000 67.458229
13.800000 68.571381
13.900001 69.732079
14.000000 70.943336
14.100000 72.208412
14.200000 73.530861
14.300000 74.914536
14.400001 76.363655
14.500000 77.882812
14.600000 79.477036
14.700000 81.151840
14.800000 82.913300
14.900001 84.768082
15.000000 86.723541
15.100000 88.787827
15.200000 90.969963
15.300000 93.279984
15.400001 95.729042
15.500000 98.329628
15.600000 101.095718
15.700000 104.043015
15.800000 107.189209
15.900001 110.554298
16.000000 114.160980
16.100000 118.035057
16.200001 122.206047
16.300001 126.707748
16.400000 131.579086
16.500000 136.865082
16.600000 142.617905
16.700001 148.898453
16.800001 155.777954
16.900000 163.340195
17.000000 171.684097
17.100000 180.926971
17.200001 191.208481
17.300001 202.695419
17.400000 215.587494
17.500000 230.123978
17.600000 246.591217
17.700001 265.330261
17.800001 286.743103
17.900000 311.294617
18.000000 339.504578
18.100000 371.920197
18.200001 409.055084
18.300001 451.278137
18.400000 498.641998
18.500000 550.669067
18.600000 606.165466
18.700001 663.186218
18.800001 719.261536
18.900000 771.867310
19.000000 818.954468
19.100000 859.301941
19.200001 892.576538
19.300001 919.154175
19.400000 939.843445
19.500000 955.628052
19.600000 967.486816
19.700001 976.293701
19.800001 982.777893
19.900000 987.522095
20.000000 990.976990
20.100000 993.484497
20.200001 995.300171
20.300001 996.612244
20.400000 997.559448
20.500000 998.242432
20.600000 998.734558
20.700001 999.089172
20.800001 999.344482
20.900000 999.528320
21.000000 999.660706
21.100000 999.755798
21.200001 999.824280
21.300001 999.873535
21.400000 999.908936
21.500000 999.934570
21.600000 999.952820
21.700001 999.966064
21.800001 999.975525
21.900000 999.982422
22.000000 999.987305
22.100000 999.990906
22.200001 999.993530
22.300001 999.995300
22.400000 999.996643
22.500000 999.997498
22.600000 999.998047
22.700001 999.998596
22.800001 999.999023
22.900000 999.999268
23.000000 999.999451
23.100000 999.999573
23.200001 999.999573
23.300001 999.999573
23.400000 999.999573
23.500000 999.999573
23.600000 999.999573
23.700001 999.999573
23.800001 999.999573
23.900000 999.999573
24.000000 999.999573
24.100000 999.999573
24.200001 999.999573
24.300001 999.999573
24.400000 999.999573
24.500000 999.999573
24.600000 999.999573
24.700001 999.999573
24.800001 999.999573
24.900000 999.999573
25.000000 999.999573
25.100000 999.999573
25.200001 999.999573
25.300001 999.999573
25.400000 999.999573
25.500000 999.999573
25.600000 999.999573
25.700001 999.999573
25.800001 999.999573
25.900000 999.999573
26.000000 999.999573
26.100000 999.999573
26.200001 999.999573
26.300001 999.999573
26.400000 999.999573
26.500000 999.999573
26.600000 999.999573
26.700001 999.999573
26.800001 999.999573
26.900000 999.999573
27.000000 999.999573
27.100000 999.999573
27.200001 999.999573
27.300001 999.999573
27.400000 999.999573
27.500000 999.999573
27.600000 999.999573
27.700001 999.999573
27.800001 999.999573
27.900000 999.999573
28.000000 999.999573
28.100000 999.999573
28.200001 999.999573
28.300001 999.999573
28.400000 999.999573
28.500000 999.999573
28.600000 999.999573
28.700001 999.999573
28.800001 999.999573
28.900000 999.999573
29.000000 999.999573
29.100000 999.999573
29.200001 999.999573
29.300001 999.999573
29.400000 999.999573
29.500000 999.999573
29.600000 999.999573
29.700001 999.999573
29.800001 999.999573
29.900000 999.999573
30.000000 999.999573
30.100000 999.999573
30.200001 999.999573
30.300001 999.999573
30.400000 999.999573
30.500000 999.999573
30.600000 999.999573
30.700001 999.999573
30.800001 999.999573
30.900000 999.999573
31.000000 999.999573
31.100000 999.999573
31.200001 999.999573
31.300001 999.999573
31.400000 999.999573
31.500000 999.999573
31.600000 999.999573
31.700001 999.999573
31.800001 999.999573
31.900000 999.999573
32.000000 999.999573
32.100002 999.999573
32.200001 999.999573
32.299999 999.999573
32.400002 999.999573
32.500000 999.999573
32.600002 999.999573
32.700001 999.999573
32.799999 999.999573
32.900002 999.999573
33.000000 999.999573
33.100002 999.999573
33.200001 999.999573
33.299999 999.999573
33.400002 999.999573
33.500000 999.999573
33.600002 999.999573
33.700001 999.999573
33.799999 999.999573
33.900002 999.999573
34.000000 999.999573
34.100002 999.999573
34.200001 999.999573
34.299999 999.999573
34.400002 999.999573
34.500000 999.999573
34.600002 999.999573
34.700001 999.999573
34.799999 999.999573
34.900002 999.999573
35.000000 999.999573
35.100002 999.999573
35.200001 999.999573
35.299999 999.999573
35.400002 999.999573
35.500000 999.999573
35.600002 999.999573
35.700001 999.999573
35.799999 999.999573
35.900002 999.999573
36.000000 999.999573
36.100002 999.999573
36.200001 999.999573
36.299999 999.999573
36.400002 999.999573
36.500000 999.999573
36.600002 999.999573
36.700001 999.999573
36.799999 999.999573
36.900002 999.999573
37.000000 999.999573
37.100002 999.999573
37.200001 999.999573
37.299999 999.999573
37.400002 999.999573
37.500000 999.999573
37.600002 999.999573
37.700001 999.999573
37.799999 999.999573
37.900002 999.999573
38.000000 999.999573
38.100002 999.999573
38.200001 999.999573
38.299999 999.999573
38.400002 999.999573
38.500000 999.999573
38.600002 999.999573
38.700001 999.999573
38.799999 999.999573
38.900002 999.999573
39.000000 999.999573
39.100002 999.999573
39.200001 999.999573
39.299999 999.999573
39.400002 999.999573
39.500000 999.999573
39.600002 999.999573
39.700001 999.999573
39.799999 999.999573
39.900002 999.999573
40.000000 999.999573
40.100002 999.999573
40.200001 999.999573
40.299999 999.999573
40.400002 999.999573
40.500000 999.999573
40.600002 999.999573
40.700001 999.999573
40.799999 999.999573
40.900002 999.999573
41.000000 999.999573
41.100002 999.999573
41.200001 999.999573
41.299999 999.999573
41.400002 999.999573
41.500000 999.999573
41.600002 999.999573
41.700001 999.999573
41.799999 999.999573
41.900002 999.999573
42.000000 999.999573
42.100002 999.999573
42.200001 999.999573
42.299999 999.999573
42.400002 999.999573
42.500000 999.999573
42.600002 999.999573
42.700001 999.999573
42.799999 999.999573
42.900002 999.999573
43.000000 999.999573
43.100002 999.999573
43.200001 999.999573
43.299999 999.999573
43.400002 999.999573
43.500000 999.999573
43.600002 999.999573
43.700001 999.999573
43.799999 999.999573
43.900002 999.999573
44.000000 999.999573
44.100002 999.999573
44.200001 999.999573
44.299999 999.999573
44.400002 999.999573
44.500000 999.999573
44.600002 999.999573
44.700001 999.999573
44.799999 999.999573
44.900002 999.999573
45.000000 999.999573
45.100002 999.999573
45.200001 999.999573
45.299999 999.999573
45.400002 999.999573
45.500000 999.999573
45.600002 999.999573
45.700001 999.999573
45.799999 999.999573
45.900002 999.999573
46.000000 999.999573
46.100002 999.999573
46.200001 999.999573
46.299999 999.999573
46.400002 999.999573
46.500000 999.999573
46.600002 999.999573
46.700001 999.999573
46.799999 999.999573
46.900002 999.999573
47.000000 999.999573
47.100002 999.999573
47.200001 999.999573
47.299999 999.999573
47.400002 999.999573
47.500000 999.999573
47.600002 999.999573
47.700001 999.999573
47.799999 999.999573
47.900002 999.999573
48.000000 999.999573
48.100002 999.999573
48.200001 999.999573
48.299999 999.999573
48.400002 999.999573
48.500000 999.999573
48.600002 999.999573
48.700001 999.999573
48.799999 999.999573
48.900002 999.999573
49.000000 999.999573
49.100002 999.999573
49.200001 999.999573
49.299999 999.999573
49.400002 999.999573
49.500000 999.999573
49.600002 999.999573
49.700001 999.999573
49.799999 999.999573
49.900002 999.999573
50.000000 999.999573
50.100002 999.999573
50.200001 999.999573
50.299999 999.999573
50.400002 999.999573
50.500000 999.999573
50.600002 999.999573
50.700001 999.999573
50.799999 999.999573
50.900002 999.999573
51.000000 999.999573
51.100002 999.999573
51.200001 999.999573
51.299999 999.999573
51.400002 999.999573
51.500000 999.999573
51.600002 999.999573
51.700001 999.999573
51.799999 999.999573
51.900002 999.999573
52.000000 999.999573
52.100002 999.999573
52.200001 999.999573
52.299999 999.999573
52.400002 999.999573
52.500000 999.999573
52.600002 999.999573
52.700001 999.999573
52.799999 999.999573
52.900002 999.999573
53.000000 999.999573
53.100002 999.999573
53.200001 999.999573
53.299999 999.999573
53.400002 999.999573
53.500000 999.999573
53.600002 999.999573
53.700001 999.999573
53.799999 999.999573
53.900002 999.999573
54.000000 999.999573
54.100002 999.999573
54.200001 999.999573
54.299999 999.999573
54.400002 999.999573
54.500000 999.999573
54.600002 999.999573
54.700001 999.999573
54.799999 999.999573
54.900002 999.999573
55.000000 999.999573
55.100002 999.999573
55.200001 999.999573
55.299999 999.999573
55.400002 999.999573
55.500000 999.999573
55.600002 999.999573
55.700001 999.999573
55.799999 999.999573
55.900002 999.999573
56.000000 999.999573
56.100002 999.999573
56.200001 999.999573
56.299999 999.999573
56.400002 999.999573
56.500000 999.999573
56.600002 999.999573
56.700001 999.999573
56.799999 999.999573
56.900002 999.999573
57.000000 999.999573
57.100002 999.999573
57.200001 999.999573
57.299999 999.999573
57.400002 999.999573
57.500000 999.999573
57.600002 999.999573
57.700001 999.999573
57.799999 999.999573
57.900002 999.999573
58.000000 999.999573
58.100002 999.999573
58.200001 999.999573
58.299999 999.999573
58.400002 999.999573
58.500000 999.999573
58.600002 999.999573
58.700001 999.999573
58.799999 999.999573
58.900002 999.999573
59.000000 999.999573
59.100002 999.999573
59.200001 999.999573
59.299999 999.999573
59.400002 999.999573
59.500000 999.999573
59.600002 999.999573
59.700001 999.999573
59.799999 999.999573
59.900002 999.999573
60.000000 999.999573
60.100002 999.999573
60.200001 999.999573
60.299999 999.999573
60.400002 999.999573
60.500000 999.999573
60.600002 999.999573
60.700001 999.999573
60.799999 999.999573
60.900002 999.999573
61.000000 999.999573
61.100002 999.999573
61.200001 999.999573
61.299999 999.999573
61.400002 999.999573
61.500000 999.999573
61.600002 999.999573
61.700001 999.999573
61.799999 999.999573
61.900002 999.999573
62.000000 999.999573
62.100002 999.999573
62.200001 999.999573
62.299999 999.999573
62.400002 999.999573
62.500000 999.999573
62.600002 999.999573
62.700001 999.999573
62.799999 999.999573
62.900002 999.999573
63.000000 999.999573
63.100002 999.999573
63.200001 999.999573
63.299999 999.999573
63.400002 999.999573
63.500000 999.999573
63.600002 999.999573
63.700001 999.999573
63.799999 999.999573
63.900002 999.999573
64.000000 999.999573
64.099998 999.999573
64.200005 999.999573
64.300003 999.999573
64.400002 999.999573
64.500000 999.999573
64.599998 999.999573
64.700005 999.999573
64.800003 999.999573
64.900002 999.999573
65.000000 999.999573
65.099998 999.999573
65.200005 999.999573
65.300003 999.999573
65.400002 999.999573
65.500000 999.999573
65.599998 999.999573
65.700005 999.999573
65.800003 999.999573
65.900002 999.999573
66.000000 999.999573
66.099998 999.999573
66.200005 999.999573
66.300003 999.999573
66.400002 999.999573
66.500000 999.999573
66.599998 999.999573
66.700005 999.999573
66.800003 999.999573
66.900002 999.999573
67.000000 999.999573
67.099998 999.999573
67.200005 999.999573
67.300003 999.999573
67.400002 999.999573
67.500000 999.999573
67.599998 999.999573
67.700005 999.999573
67.800003 999.999573
67.900002 999.999573
68.000000 999.999573
68.099998 999.999573
68.200005 999.999573
68.300003 999.999573
68.400002 999.999573
68.500000 999.999573
68.599998 999.999573
68.700005 999.999573
68.800003 999.999573
68.900002 999.999573
69.000000 999.999573
69.099998 999.999573
69.200005 999.999573
69.300003 999.999573
69.400002 999.999573
69.500000 999.999573
69.599998 999.999573
69.700005 999.999573
69.800003 999.999573
69.900002 999.999573
70.000000 999.999573
70.099998 999.999573
70.200005 999.999573
70.300003 999.999573
70.400002 999.999573
70.500000 999.999573
70.599998 999.999573
70.700005 999.999573
70.800003 999.999573
70.900002 999.999573
71.000000 999.999573
71.099998 999.999573
71.200005 999.999573
71.300003 999.999573
71.400002 999.999573
71.500000 999.999573
71.599998 999.999573
71.700005 999.999573
71.800003 999.999573
71.900002 999.999573
72.000000 999.999573
72.099998 999.999573
72.200005 999.999573
72.300003 999.999573
72.400002 999.999573
72.500000 999.999573
72.599998 999.999573
72.700005 999.999573
72.800003 999.999573
72.900002 999.999573
73.000000 999.999573
73.099998 999.999573
73.200005 999.999573
73.300003 999.999573
73.400002 999.999573
73.500000 999.999573
73.599998 999.999573
73.700005 999.999573
73.800003 999.999573
73.900002 999.999573
74.000000 999.999573
74.099998 999.999573
74.200005 999.999573
74.300003 999.999573
74.400002 999.999573
74.500000 999.999573
74.599998 999.999573
74.700005 999.999573
74.800003 999.999573
74.900002 999.999573
75.000000 999.999573
75.099998 999.999573
75.200005 999.999573
75.300003 999.999573
75.400002 999.999573
75.500000 999.999573
75.599998 999.999573
75.700005 999.999573
75.800003 999.999573
75.900002 999.999573
76.000000 999.999573
76.099998 999.999573
76.200005 999.999573
76.300003 999.999573
76.400002 999.999573
76.500000 999.999573
76.599998 999.999573
76.700005 999.999573
76.800003 999.999573
76.900002 999.999573
77.000000 999.999573
77.099998 999.999573
77.200005 999.999573
77.300003 999.999573
77.400002 999.999573
77.500000 999.999573
77.599998 999.999573
77.700005 999.999573
77.800003 999.999573
77.900002 999.999573
78.000000 999.999573
78.099998 999.999573
78.200005 999.999573
78.300003 999.999573
78.400002 999.999573
78.500000 999.999573
78.599998 999.999573
78.700005 999.999573
78.800003 999.999573
78.900002 999.999573
79.000000 999.999573
79.099998 999.999573
79.200005 999.999573
79.300003 999.999573
79.400002 999.999573
79.500000 999.999573
79.599998 999.999573
79.700005 999.999573
79.800003 999.999573
79.900002 999.999573
80.000000 999.999573
80.099998 999.999573
80.200005 999.999573
80.300003 999.999573
80.400002 999.999573
80.500000 999.999573
80.599998 999.999573
80.700005 999.999573
80.800003 999.999573
80.900002 999.999573
81.000000 999.999573
81.099998 999.999573
81.200005 999.999573
81.300003 999.999573
81.400002 999.999573
81.500000 999.999573
81.599998 999.999573
81.700005 999.999573
81.800003 999.999573
81.900002 999.999573
82.000000 999.999573
82.099998 999.999573
82.200005 999.999573
82.300003 999.999573
82.400002 999.999573
82.500000 999.999573
82.599998 999.999573
82.700005 999.999573
82.800003 999.999573
82.900002 999.999573
83.000000 999.999573
83.099998 999.999573
83.200005 999.999573
83.300003 999.999573
83.400002 999.999573
83.500000 999.999573
83.599998 999.999573
83.700005 999.999573
83.800003 999.999573
83.900002 999.999573
84.000000 999.999573
84.099998 999.999573
84.200005 999.999573
84.300003 999.999573
84.400002 999.999573
84.500000 999.999573
84.599998 999.999573
84.700005 999.999573
84.800003 999.999573
84.900002 999.999573
85.000000 999.999573
85.099998 999.999573
85.200005 999.999573
85.300003 999.999573
85.400002 999.999573
85.500000 999.999573
85.599998 999.999573
85.700005 999.999573
85.800003 999.999573
85.900002 999.999573
86.000000 999.999573
86.099998 999.999573
86.200005 999.999573
86.300003 999.999573
86.400002 999.999573
86.500000 999.999573
86.599998 999.999573
86.700005 999.999573
86.800003 999.999573
86.900002 999.999573
87.000000 999.999573
87.099998 999.999573
87.200005 999.999573
87.300003 999.999573
87.400002 999.999573
87.500000 999.999573
87.599998 999.999573
87.700005 999.999573
87.800003 999.999573
87.900002 999.999573
88.000000 999.999573
88.099998 999.999573
88.200005 999.999573
88.300003 999.999573
88.400002 999.999573
88.500000 999.999573
88.599998 999.999573
88.700005 999.999573
88.800003 999.999573
88.900002 999.999573
89.000000 999.999573
89.099998 999.999573
89.200005 999.999573
89.300003 999.999573
89.400002 999.999573
89.500000 999.999573
89.599998 999.999573
89.700005 999.999573
89.800003 999.999573
89.900002 999.999573
90.000000 999.999573
90.099998 999.999573
90.200005 999.999573
90.300003 999.999573
90.400002 999.999573
90.500000 999.999573
90.599998 999.999573
90.700005 999.999573
90.800003 999.999573
90.900002 999.999573
91.000000 999.999573
91.099998 999.999573
91.200005 999.999573
91.300003 999.999573
91.400002 999.999573
91.500000 999.999573
91.599998 999.999573
91.700005 999.999573
91.800003 999.999573
91.900002 999.999573
92.000000 999.999573
92.099998 999.999573
92.200005 999.999573
92.300003 999.999573
92.400002 999.999573
92.500000 999.999573
92.599998 999.999573
92.700005 999.999573
92.800003 999.999573
92.900002 999.999573
93.000000 999.999573
93.099998 999.999573
93.200005 999.999573
93.300003 999.999573
93.400002 999.999573
93.500000 999.999573
93.599998 999.999573
93.700005 999.999573
93.800003 999.999573
93.900002 999.999573
94.000000 999.999573
94.099998 999.999573
94.200005 999.999573
94.300003 999.999573
94.400002 999.999573
94.500000 999.999573
94.599998 999.999573
94.700005 999.999573
94.800003 999.999573
94.900002 999.999573
95.000000 999.999573
95.099998 999.999573
95.200005 999.999573
95.300003 999.999573
95.400002 999.999573
95.500000 999.999573
95.599998 999.999573
95.700005 999.999573
95.800003 999.999573
95.900002 999.999573
96.000000 999.999573
96.099998 999.999573
96.200005 999.999573
96.300003 999.999573
96.400002 999.999573
96.500000 999.999573
96.599998 999.999573
96.700005 999.999573
96.800003 999.999573
96.900002 999.999573
97.000000 999.999573
97.099998 999.999573
97.200005 999.999573
97.300003 999.999573
97.400002 999.999573
97.500000 999.999573
97.599998 999.999573
97.700005 999.999573
97.800003 999.999573
97.900002 999.999573
98.000000 999.999573
98.099998 999.999573
98.200005 999.999573
98.300003 999.999573
98.400002 999.999573
98.500000 999.999573
98.599998 999.999573
98.700005 999.999573
98.800003 999.999573
98.900002 999.999573
99.000000 999.999573
99.099998 999.999573
99.200005 999.999573
99.300003 999.999573
99.400002 999.999573
99.500000 999.999573
99.599998 999.999573
99.700005 999.999573
99.800003 999.999573
99.900002 999.999573
