0.000000 1500.000000
1.000000 1258.964722
2.000000 1146.947388
3.000000 1087.486084
4.000000 1053.521851
5.000000 1033.275635
6.000000 1020.892334
7.000000 1013.197510
8.000000 1008.368652
9.000000 1005.319458
10.000000 1003.386353
11.000000 1002.157959
12.000000 1001.376038
13.000000 1000.877747
14.000000 1000.559937
15.000000 1000.357300
16.000000 1000.228027
17.000000 1000.145508
18.000000 1000.092896
19.000000 1000.059204
20.000000 1000.037720
21.000000 1000.024048
22.000000 1000.015320
23.000000 1000.009705
24.000000 1000.006165
25.000000 1000.003906
26.000000 1000.002502
27.000000 1000.001587
28.000000 1000.001099
29.000000 1000.000732
30.000000 1000.000610
31.000000 1000.000366
32.000000 1000.000183
33.000000 1000.000244
34.000000 1000.000183
35.000000 1000.000244
36.000000 1000.000183
37.000000 1000.000244
38.000000 1000.000183
39.000000 1000.000244
40.000000 1000.000183
41.000000 1000.000244
42.000000 1000.000183
43.000000 1000.000244
44.000000 1000.000183
45.000000 1000.000244
46.000000 1000.000183
47.000000 1000.000244
48.000000 1000.000183
49.000000 1000.000244
50.000000 1000.000183
51.000000 1000.000244
52.000000 1000.000183
53.000000 1000.000244
54.000000 1000.000183
55.000000 1000.000244
56.000000 1000.000183
57.000000 1000.000244
58.000000 1000.000183
59.000000 1000.000244
60.000000 1000.000183
61.000000 1000.000244
62.000000 1000.000183
63.000000 1000.000244
64.000000 1000.000183
65.000000 1000.000244
66.000000 1000.000183
67.000000 1000.000244
68.000000 1000.000183
69.000000 1000.000244
70.000000 1000.000183
71.000000 1000.000244
72.000000 1000.000183
73.000000 1000.000244
74.000000 1000.000183
75.000000 1000.000244
76.000000 1000.000183
77.000000 1000.000244
78.000000 1000.000183
79.000000 1000.000244
80.000000 1000.000183
81.000000 1000.000244
82.000000 1000.000183
83.000000 1000.000244
84.000000 1000.000183
85.000000 1000.000244
86.000000 1000.000183
87.000000 1000.000244
88.000000 1000.000183
89.000000 1000.000244
90.000000 1000.000183
91.000000 1000.000244
92.000000 1000.000183
93.000000 1000.000244
94.000000 1000.000183
95.000000 1000.000244
96.000000 1000.000183
97.000000 1000.000244
98.000000 1000.000183
99.000000 1000.000244
