0.000000 200.000000
1.000000 206.122437
2.000000 213.188568
3.000000 221.392960
4.000000 230.982941
5.000000 242.276230
6.000000 255.684830
7.000000 271.747437
8.000000 291.171844
9.000000 314.886078
10.000000 344.088928
11.000000 380.265839
12.000000 425.083954
13.000000 479.995087
14.000000 545.343811
15.000000 619.090271
16.000000 696.106689
17.000000 769.373535
18.000000 832.764832
19.000000 883.191101
20.000000 920.703125
21.000000 947.257568
22.000000 965.410156
23.000000 977.528687
24.000000 985.492126
25.000000 990.671631
26.000000 994.017700
27.000000 996.169983
28.000000 997.550659
29.000000 998.434692
30.000000 999.000061
31.000000 999.361511
32.000000 999.592529
33.000000 999.739868
34.000000 999.833984
35.000000 999.893921
36.000000 999.932251
37.000000 999.956665
38.000000 999.972229
39.000000 999.982300
40.000000 999.988525
41.000000 999.992554
42.000000 999.995300
43.000000 999.996948
44.000000 999.998108
45.000000 999.998901
46.000000 999.999268
47.000000 999.999512
48.000000 999.999756
49.000000 500.000000
50.000000 568.432373
51.000000 643.932739
52.000000 720.523438
53.000000 791.149048
54.000000 850.522583
55.000000 896.650085
56.000000 930.357605
57.000000 953.917358
58.000000 969.883179
59.000000 980.479675
60.000000 987.416504
61.000000 991.916809
62.000000 994.819458
63.000000 996.684570
64.000000 997.880249
65.000000 998.645630
66.000000 999.135010
67.000000 999.447693
68.000000 999.647339
69.000000 999.774902
70.000000 999.856384
71.000000 999.908264
72.000000 999.941467
73.000000 999.962585
74.000000 999.976196
75.000000 999.984924
76.000000 999.990417
77.000000 999.993835
78.000000 999.996033
79.000000 999.997498
80.000000 999.998352
81.000000 999.999023
82.000000 999.999268
83.000000 999.999512
84.000000 999.999756
85.000000 999.999756
86.000000 999.999756
87.000000 999.999756
88.000000 999.999756
89.000000 999.999756
90.000000 999.999756
91.000000 999.999756
92.000000 999.999756
93.000000 999.999756
94.000000 999.999756
95.000000 999.999756
96.000000 999.999756
97.000000 999.999756
98.000000 999.999756
99.000000 999.999756
