0.000000 120.000000
1.000000 117.767395
2.000000 115.413353
3.000000 112.938034
4.000000 110.342667
5.000000 107.629677
6.000000 104.802765
7.000000 101.866974
8.000000 98.828705
9.000000 95.695786
10.000000 92.477379
11.000000 89.183975
12.000000 85.827278
13.000000 82.420036
14.000000 78.975899
15.000000 75.509224
16.000000 72.034790
17.000000 68.567612
18.000000 65.122627
19.000000 61.714466
20.000000 58.357182
21.000000 55.064041
22.000000 51.847305
23.000000 48.718060
24.000000 45.686077
25.000000 42.759747
26.000000 39.946007
27.000000 37.250332
28.000000 34.676754
29.000000 32.227936
30.000000 29.905230
31.000000 27.708797
32.000000 25.637716
33.000000 23.690111
34.000000 21.863287
35.000000 20.153847
36.000000 18.557837
37.000000 17.070852
38.000000 15.688153
39.000000 14.404765
40.000000 13.215569
41.000000 12.115379
42.000000 11.099011
43.000000 10.161339
44.000000 9.297340
45.000000 8.502137
46.000000 7.771020
47.000000 7.099476
48.000000 6.483199
49.000000 5.918102
50.000000 5.400323
51.000000 4.926227
52.000000 4.492399
53.000000 4.095649
54.000000 3.732998
55.000000 3.401675
56.000000 3.099108
57.000000 2.822912
58.000000 2.570879
59.000000 2.340975
60.000000 2.131319
61.000000 1.940182
62.000000 1.765972
63.000000 1.607227
64.000000 1.462605
65.000000 1.330874
66.000000 1.210906
67.000000 1.101669
68.000000 1.002217
69.000000 0.911685
70.000000 0.829283
71.000000 0.754290
72.000000 0.686046
73.000000 0.623950
74.000000 0.567451
75.000000 0.516050
76.000000 0.469290
77.000000 0.426754
78.000000 0.388063
79.000000 0.352872
80.000000 0.320864
81.000000 0.291754
82.000000 0.265280
83.000000 0.241204
84.000000 0.219310
85.000000 0.199400
86.000000 0.181296
87.000000 0.164833
88.000000 0.149864
89.000000 0.136253
90.000000 0.123877
91.000000 0.112624
92.000000 0.102393
93.000000 0.093091
94.000000 0.084633
95.000000 0.076943
96.000000 0.069952
97.000000 0.063595
98.000000 0.057816
99.000000 0.052562
