0.000000 200.000000
1.000000 206.122437
2.000000 213.188568
3.000000 221.392960
4.000000 230.982941
5.000000 242.276230
6.000000 255.684830
7.000000 271.747437
8.000000 291.171844
9.000000 314.886078
10.000000 344.088928
11.000000 380.265839
12.000000 425.083954
13.000000 479.995087
14.000000 545.343811
15.000000 619.090271
16.000000 696.106689
17.000000 769.373535
18.000000 832.764832
19.000000 883.191101
20.000000 920.703125
21.000000 947.257568
22.000000 965.410156
23.000000 977.528687
24.000000 985.492126
25.000000 990.671631
26.000000 994.017700
27.000000 996.169983
28.000000 997.550659
29.000000 998.434692
30.000000 999.000061
31.000000 999.361511
32.000000 999.592529
33.000000 999.739868
34.000000 999.833984
35.000000 999.893921
36.000000 999.932251
37.000000 999.956665
38.000000 999.972229
39.000000 999.982300
40.000000 999.988525
41.000000 999.992554
42.000000 999.995300
43.000000 999.996948
44.000000 999.998108
45.000000 999.998901
46.000000 999.999268
47.000000 999.999512
48.000000 999.999756
49.000000 999.999756
50.000000 999.999756
51.000000 999.999756
52.000000 999.999756
53.000000 999.999756
54.000000 999.999756
55.000000 999.999756
56.000000 999.999756
57.000000 999.999756
58.000000 999.999756
59.000000 999.999756
60.000000 999.999756
61.000000 999.999756
62.000000 999.999756
63.000000 999.999756
64.000000 999.999756
65.000000 999.999756
66.000000 999.999756
67.000000 999.999756
68.000000 999.999756
69.000000 999.999756
70.000000 999.999756
71.000000 999.999756
72.000000 999.999756
73.000000 999.999756
74.000000 999.999756
75.000000 999.999756
76.000000 999.999756
77.000000 999.999756
78.000000 999.999756
79.000000 999.999756
80.000000 999.999756
81.000000 999.999756
82.000000 999.999756
83.000000 999.999756
84.000000 999.999756
85.000000 999.999756
86.000000 999.999756
87.000000 999.999756
88.000000 999.999756
89.000000 999.999756
90.000000 999.999756
91.000000 999.999756
92.000000 999.999756
93.000000 999.999756
94.000000 999.999756
95.000000 999.999756
96.000000 999.999756
97.000000 999.999756
98.000000 999.999756
99.000000 999.999756
