 0.000000 4000000000.000000
 1.000000 4040000000.000000
 2.000000 4080399872.000000
 3.000000 4121203712.000000
 4.000000 4162415616.000000
 5.000000 4204039680.000000
 6.000000 4246080000.000000
 7.000000 4288540672.000000
 8.000000 4331425792.000000
 9.000000 4374739968.000000
 10.000000 4418487296.000000
 11.000000 4462671872.000000
 12.000000 4507298304.000000
 13.000000 4552371200.000000
 14.000000 4597894656.000000
 15.000000 4643873792.000000
 16.000000 4690312704.000000
 17.000000 4737216000.000000
 18.000000 4784588288.000000
 19.000000 4832434176.000000
 20.000000 4880758272.000000
 21.000000 4929565696.000000
 22.000000 4978861056.000000
 23.000000 5028649472.000000
 24.000000 5078936064.000000
 25.000000 5129725440.000000
 26.000000 5181022720.000000
 27.000000 5232833024.000000
 28.000000 5285161472.000000
 29.000000 5338013184.000000
 30.000000 5391393280.000000
 31.000000 5445307392.000000
 32.000000 5499760640.000000
 33.000000 5554758144.000000
 34.000000 5610305536.000000
 35.000000 5666408448.000000
 36.000000 5723072512.000000
 37.000000 5780303360.000000
 38.000000 5838106112.000000
 39.000000 5896486912.000000
 40.000000 5955451904.000000
 41.000000 6015006208.000000
 42.000000 6075155968.000000
 43.000000 6135907328.000000
 44.000000 6197266432.000000
 45.000000 6259238912.000000
 46.000000 6321831424.000000
 47.000000 6385049600.000000
 48.000000 6448900096.000000
 49.000000 6513389056.000000
 50.000000 6578523136.000000
 51.000000 6644308480.000000
 52.000000 6710751744.000000
 53.000000 6777859072.000000
 54.000000 6845637632.000000
 55.000000 6914094080.000000
 56.000000 6983235072.000000
 57.000000 7053067264.000000
 58.000000 7123597824.000000
 59.000000 7194833920.000000
 60.000000 7266782208.000000