 0.000000 4000000000.000000
 1.000000 4040403968.000000
 2.000000 4081216000.000000
 3.000000 4122440448.000000
 4.000000 4164081152.000000
 5.000000 4206142464.000000
 6.000000 4248628736.000000
 7.000000 4291544064.000000
 8.000000 4334893056.000000
 9.000000 4378679808.000000
 10.000000 4422908928.000000
 11.000000 4467584512.000000
 12.000000 4512711680.000000
 13.000000 4558294528.000000
 14.000000 4604337664.000000
 15.000000 4650846208.000000
 16.000000 4697824256.000000
 17.000000 4745276928.000000
 18.000000 4793208832.000000
 19.000000 4841625088.000000
 20.000000 4890530304.000000
 21.000000 4939929600.000000
 22.000000 4989827584.000000
 23.000000 5040229888.000000
 24.000000 5091141120.000000
 25.000000 5142566912.000000
 26.000000 5194511872.000000
 27.000000 5246981632.000000
 28.000000 5299981312.000000
 29.000000 5353516544.000000
 30.000000 5407592448.000000
 31.000000 5462214656.000000
 32.000000 5517388288.000000
 33.000000 5573119488.000000
 34.000000 5629413376.000000
 35.000000 5686276096.000000
 36.000000 5743713280.000000
 37.000000 5801730560.000000
 38.000000 5860334080.000000
 39.000000 5919529472.000000
 40.000000 5979322880.000000
 41.000000 6039719936.000000
 42.000000 6100727296.000000
 43.000000 6162350592.000000
 44.000000 6224596480.000000
 45.000000 6287471104.000000
 46.000000 6350980608.000000
 47.000000 6415131648.000000
 48.000000 6479930880.000000
 49.000000 6545384448.000000
 50.000000 6611499520.000000
 51.000000 6678282240.000000
 52.000000 6745739776.000000
 53.000000 6813878272.000000
 54.000000 6882705408.000000
 55.000000 6952227840.000000
 56.000000 7022452224.000000
 57.000000 7093386240.000000
 58.000000 7165036544.000000
 59.000000 7237410816.000000
 60.000000 7310515712.000000